2.01602	0.00403143
2.01899	0.00803937
2.02229	0.0120201
2.02558	0.0159754
2.0288	0.0199067
2.03197	0.0238148
2.03546	0.02769
2.03908	0.0315356
2.04233	0.0353668
2.04538	0.0391818
2.04837	0.0429773
2.05216	0.0467154
2.05554	0.0504462
2.05862	0.0541684
2.06219	0.0578425
2.06547	0.0615088
2.06893	0.065142
2.072	0.0687759
2.07495	0.0723978
2.07806	0.0759886
2.08126	0.0795513
2.08452	0.0830891
2.08817	0.0865748
2.09164	0.0900516
2.09527	0.0934926
2.09839	0.0969562
2.10193	0.100362
2.10495	0.103795
2.10847	0.10716
2.11194	0.11051
2.11488	0.113892
2.11779	0.11726
2.12075	0.120605
2.12445	0.123851
2.12794	0.127099
2.13126	0.130347
2.1342	0.13362
2.13723	0.136866
2.14033	0.140086
2.14353	0.143276
2.14733	0.146371
2.15069	0.149504
2.15382	0.152647
2.1571	0.155756
2.16026	0.158861
2.16344	0.161947
2.16645	0.165041
2.16953	0.168109
2.17245	0.171183
2.17541	0.174237
2.17847	0.17726
2.18198	0.1802
2.18566	0.183094
2.18866	0.186079
2.19189	0.18901
2.19504	0.19194
2.19818	0.194855
2.20153	0.197722
2.20463	0.200612
2.20815	0.203419
2.21136	0.206261
2.21462	0.20908
2.21771	0.211913
2.22091	0.214713
2.2239	0.217534
2.22711	0.220303
2.23035	0.223052
2.23333	0.225834
2.23656	0.228558
2.23964	0.231294
2.24257	0.234044
2.24563	0.236758
2.24886	0.239425
2.25179	0.242137
2.25519	0.244743
2.25881	0.247294
2.26217	0.249882
2.26562	0.252436
2.26902	0.254987
2.2725	0.257508
2.27551	0.260113
2.27854	0.262699
2.28163	0.265262
2.28485	0.267785
2.28859	0.270186
2.29154	0.272741
2.29507	0.27516
2.29809	0.277677
2.30131	0.280136
2.30441	0.28261
2.30746	0.285084
2.31088	0.287465
2.31379	0.289945
2.31682	0.29239
2.32008	0.294769
2.32321	0.297168
2.32675	0.299463
2.33015	0.301777
2.33334	0.304127
2.33664	0.306441
2.34009	0.308708
2.34319	0.311046
2.3466	0.313298
2.34979	0.315592
2.35285	0.317907
2.35591	0.32021
2.35955	0.322365
2.36266	0.324635
2.36584	0.326879
2.36901	0.329115
2.37245	0.331274
2.37596	0.333404
2.37907	0.335623
2.38267	0.337713
2.38595	0.339868
2.389	0.34207
2.39222	0.34422
2.39514	0.346436
2.39825	0.348596
2.40148	0.350714
2.40488	0.352783
2.40833	0.354826
2.41174	0.356871
2.4147	0.35902
2.41796	0.361081
2.42134	0.363106
2.42479	0.3651
2.4278	0.367201
2.43082	0.369288
2.43438	0.371227
2.43763	0.373237
2.44068	0.375289
2.44364	0.377358
2.44654	0.379432
2.44961	0.381454
2.45269	0.383466
2.45611	0.385378
2.4591	0.387394
2.46255	0.389282
2.46591	0.391185
2.46932	0.393063
2.47237	0.395031
2.47543	0.396987
2.47841	0.398959
2.4816	0.400863
2.48451	0.402837
2.48777	0.404708
2.49077	0.406642
2.4939	0.408532
2.49695	0.410436
2.50067	0.412147
2.50391	0.413983
2.5071	0.415823
2.51046	0.417612
2.51378	0.4194
2.51721	0.421153
2.5203	0.422989
2.52393	0.42467
2.52698	0.426505
2.53014	0.428301
2.53333	0.430082
2.53699	0.431722
2.54044	0.433414
2.54339	0.435238
2.54658	0.436991
2.54968	0.438759
2.55267	0.440553
2.55606	0.442225
2.559	0.444017
2.56229	0.445704
2.56565	0.447366
2.56921	0.44896
2.57225	0.450697
2.57532	0.452418
2.57885	0.454
2.5819	0.455714
2.58497	0.457418
2.58808	0.459101
2.59125	0.46076
2.59439	0.462422
2.59735	0.464129
2.60061	0.465742
2.60368	0.467405
2.60742	0.468866
2.6105	0.470513
2.61396	0.472041
2.61686	0.473727
2.62059	0.475165
2.62361	0.476803
2.62673	0.478406
2.62984	0.480007
2.633	0.481589
2.63589	0.48324
2.63942	0.484698
2.64239	0.486316
2.64574	0.487815
2.64937	0.489225
2.65248	0.490782
2.65615	0.492167
2.65981	0.493552
2.66287	0.495106
2.66581	0.496691
2.66912	0.498159
2.67222	0.499685
2.67522	0.501236
2.67845	0.502713
2.68147	0.504245
2.68442	0.505794
2.68753	0.50729
2.69081	0.508728
2.69406	0.510167
2.6974	0.511578
2.70051	0.513052
2.7036	0.514526
2.70665	0.516004
2.70993	0.517412
2.71336	0.518765
2.71664	0.52016
2.71963	0.521637
2.72333	0.522895
2.72667	0.524257
2.73006	0.525595
2.73337	0.526956
2.73661	0.528331
2.7402	0.529595
2.74374	0.530868
2.74715	0.532176
2.75012	0.533615
2.75302	0.535066
2.75601	0.536488
2.75904	0.537894
2.76219	0.539256
2.76509	0.540691
2.76869	0.541907
2.77207	0.543183
2.77505	0.544579
2.77815	0.545935
2.78119	0.547303
2.78436	0.548625
2.78791	0.549827
2.79101	0.551162
2.79392	0.55255
2.7969	0.553913
2.80074	0.555009
2.80368	0.556374
2.80692	0.557642
2.80984	0.559006
2.81279	0.560357
2.81605	0.561605
2.81938	0.562828
2.82265	0.564068
2.82578	0.565344
2.82883	0.566641
2.83174	0.567975
2.83513	0.56916
2.8389	0.57022
2.8419	0.571514
2.84543	0.57264
2.84888	0.573787
2.85206	0.575013
2.85529	0.57622
2.85845	0.577444
2.8615	0.578698
2.86473	0.579893
2.86779	0.581137
2.87092	0.582354
2.87464	0.583384
2.87761	0.584642
2.88108	0.585741
2.88461	0.586817
2.88759	0.588059
2.8906	0.589291
2.89355	0.590536
2.89677	0.591692
2.90043	0.592708
2.90367	0.593851
2.90707	0.594941
2.91059	0.595989
2.91392	0.597091
2.91689	0.598304
2.92032	0.599367
2.9233	0.600568
2.92692	0.601566
2.93034	0.60262
2.93378	0.603666
2.93699	0.604781
2.94065	0.605753
2.94389	0.606848
2.94691	0.608011
2.95016	0.6091
2.95325	0.610233
2.95638	0.61135
2.95973	0.612393
2.96272	0.613548
2.96633	0.614504
2.96929	0.615662
2.97221	0.616827
2.9755	0.617873
2.9789	0.618882
2.98203	0.61997
2.98517	0.621052
2.98827	0.622146
2.99189	0.623069
2.99497	0.624161
2.99854	0.625097
3.00155	0.626204
3.00444	0.627343
3.00748	0.628433
3.01064	0.629484
3.01374	0.630548
3.01683	0.631612
3.02023	0.632578
3.02342	0.633604
3.02652	0.634657
3.02972	0.635673
3.03263	0.636778
3.03616	0.637688
3.03926	0.638725
3.04267	0.639666
3.04606	0.640607
3.0492	0.641624
3.05238	0.642627
3.05572	0.643574
3.05888	0.644577
3.06196	0.645599
3.06495	0.646647
3.06825	0.647596
3.07115	0.648667
3.07458	0.64957
3.07771	0.650564
3.08085	0.651551
3.08388	0.652567
3.08682	0.653612
3.09025	0.654497
3.09319	0.655536
3.09624	0.656535
3.09989	0.657346
3.10314	0.658278
3.10614	0.659284
3.10944	0.660194
3.11298	0.661026
3.11682	0.661763
3.12034	0.662597
3.12352	0.663533
3.12684	0.664422
3.13012	0.665322
3.13305	0.66633
3.13633	0.667224
3.13999	0.667997
3.14339	0.668846
3.14687	0.669671
3.1498	0.670664
3.15304	0.671557
3.15658	0.672355
3.15966	0.673291
3.16258	0.674276
3.16562	0.67522
3.16855	0.676198
3.17151	0.677162
3.17443	0.678137
3.17763	0.67902
3.18128	0.679763
3.18476	0.680555
3.1877	0.681512
3.19121	0.68229
3.19437	0.683174
3.19761	0.68403
3.2006	0.684961
3.20391	0.685793
3.20683	0.686741
3.2098	0.687671
3.21343	0.688393
3.21665	0.689241
3.22006	0.690028
3.22316	0.690909
3.22672	0.691643
3.22973	0.692547
3.23268	0.693468
3.23566	0.694375
3.23919	0.69511
3.24224	0.69599
3.2458	0.69671
3.24903	0.697531
3.25245	0.698292
3.25566	0.699112
3.25929	0.699802
3.26222	0.700707
3.26515	0.701608
3.26861	0.702344
3.27189	0.703134
3.27537	0.703857
3.27881	0.704592
3.28189	0.705437
3.28514	0.706226
3.28844	0.706996
3.29179	0.70775
3.29528	0.708458
3.29831	0.709308
3.30146	0.710116
3.30442	0.710982
3.30774	0.711734
3.31116	0.712453
3.31449	0.713197
3.31799	0.713886
3.32131	0.714631
3.32498	0.715265
3.32828	0.716011
3.33161	0.716745
3.33467	0.71756
3.33823	0.718218
3.3412	0.719058
3.34433	0.719844
3.34783	0.720515
3.35103	0.721276
3.35406	0.722088
3.35698	0.722932
3.36013	0.723703
3.36393	0.724271
3.36739	0.724943
3.37096	0.725578
3.37389	0.726409
3.37704	0.72717
3.3805	0.727834
3.38366	0.728588
3.38729	0.729194
3.39019	0.730025
3.39376	0.730645
3.39723	0.731298
3.40077	0.731926
3.40419	0.732588
3.40747	0.733289
3.41065	0.734021
3.41413	0.734663
3.41721	0.735421
3.42053	0.736102
3.42359	0.736863
3.42663	0.737628
3.43037	0.738178
3.43364	0.73887
3.43711	0.739497
3.44034	0.7402
3.44384	0.740814
3.44679	0.741596
3.44997	0.742304
3.45292	0.743081
3.45636	0.743708
3.45968	0.744369
3.46296	0.745041
3.46606	0.745767
3.46953	0.746376
3.47283	0.747037
3.47606	0.747716
3.47938	0.748367
3.48276	0.748999
3.4861	0.749641
3.48919	0.750356
3.4925	0.751003
3.49581	0.751647
3.49883	0.752376
3.50187	0.753101
3.50488	0.75383
3.50798	0.754532
3.51149	0.755108
3.51443	0.755856
3.51779	0.756472
3.52127	0.757055
3.52428	0.757772
3.52793	0.7583
3.53138	0.758884
3.53439	0.759598
3.53739	0.760314
3.54072	0.760932
3.54392	0.761583
3.5471	0.762242
3.55016	0.762933
3.55381	0.763446
3.55745	0.76396
3.56079	0.764564
3.5645	0.765055
3.56779	0.765669
3.57123	0.766238
3.57463	0.766819
3.57812	0.767367
3.58105	0.768084
3.58431	0.768699
3.58756	0.769317
3.59084	0.769926
3.59434	0.770465
3.59758	0.77108
3.60073	0.771721
3.60363	0.772436
3.60691	0.773035
3.61065	0.773495
3.61409	0.774046
3.61762	0.774565
3.62101	0.775127
3.62391	0.775831
3.62736	0.776371
3.63043	0.777022
3.63398	0.777531
3.63738	0.77808
3.6404	0.778743
3.64351	0.779376
3.64651	0.78004
3.65006	0.780542
3.65341	0.7811
3.65654	0.781721
3.65948	0.782398
3.66244	0.783066
3.66556	0.783684
3.6693	0.784122
3.67274	0.784644
3.6758	0.785279
3.67888	0.785903
3.68192	0.786541
3.68505	0.787151
3.6883	0.787722
3.69125	0.788381
3.69424	0.789024
3.69734	0.789638
3.70068	0.790176
3.70376	0.790791
3.70668	0.791452
3.71218	0.791359
3.71514	0.792004
3.71842	0.792554
3.72154	0.79315
3.72511	0.793614
3.7281	0.794246
3.73104	0.794892
3.73413	0.79549
3.73773	0.79594
3.74154	0.796329
3.74496	0.79683
3.74787	0.797475
3.75098	0.798064
3.75396	0.798687
3.75699	0.799295
3.76	0.799907
3.76364	0.800336
3.76686	0.800885
3.76976	0.801526
3.77285	0.802108
3.77602	0.802668
3.77968	0.803086
3.78296	0.803611
3.78604	0.804192
3.7893	0.804722
3.7923	0.805324
3.79586	0.805762
3.79906	0.806305
3.8022	0.806863
3.80539	0.807404
3.80835	0.808012
3.8117	0.808506
3.81472	0.809094
3.81785	0.809649
3.82078	0.810261
3.82395	0.810801
3.82708	0.811352
3.8304	0.811849
3.83361	0.812374
3.83702	0.812841
3.84078	0.813208
3.84383	0.813775
3.84675	0.81438
3.8501	0.814859
3.8533	0.815382
3.85696	0.815771
3.85991	0.816362
3.86306	0.816893
3.86623	0.817418
3.86951	0.817912
3.87265	0.818444
3.87601	0.818913
3.87949	0.819344
3.88295	0.819783
3.88636	0.820234
3.88936	0.820799
3.89232	0.821376
3.89548	0.821894
3.89887	0.822346
3.90245	0.822743
3.90593	0.823166
3.90961	0.823533
3.91301	0.823978
3.91591	0.824563
3.91899	0.825097
3.9222	0.825593
3.92549	0.826063
3.92839	0.826643
3.93151	0.827162
3.93454	0.827703
3.93762	0.828229
3.94068	0.828761
3.94362	0.829325
3.947	0.829764
3.95041	0.830192
3.95331	0.830764
3.95678	0.831174
3.96004	0.831642
3.96296	0.832205
3.96593	0.832753
3.96943	0.833152
3.97263	0.833632
3.97558	0.834182
3.97872	0.834679
3.98184	0.835177
3.98525	0.835597
3.98845	0.836071
3.99149	0.836591
3.9946	0.83709
3.99762	0.837613
4.00093	0.838056
4.00423	0.838498
4.00714	0.83905
4.01038	0.839507
4.01345	0.84001
4.01673	0.840455
4.02053	0.840754
4.02426	0.84107
4.02716	0.841618
4.03032	0.842091
4.03348	0.842564
4.03656	0.843059
4.03977	0.843515
4.04271	0.844049
4.04561	0.844589
4.04882	0.845044
4.05237	0.845403
4.05563	0.845841
4.05855	0.846372
4.06179	0.846815
4.06517	0.847217
4.06851	0.847629
4.07173	0.848074
4.0751	0.848476
4.07833	0.848916
4.08151	0.849371
4.0848	0.849793
4.08855	0.850086
4.09178	0.850522
4.09511	0.850931
4.09865	0.85128
4.10157	0.851801
4.10453	0.852308
4.10795	0.852688
4.111	0.853169
4.11448	0.85353
4.11788	0.853914
4.12077	0.854434
4.12393	0.854882
4.12702	0.855347
4.13059	0.85568
4.134	0.856057
4.13717	0.856497
4.14034	0.856936
4.14349	0.85738
4.14663	0.857828
4.14959	0.85832
4.15264	0.85879
4.15597	0.859182
4.1591	0.859627
4.16213	0.8601
4.16566	0.860433
4.16901	0.860815
4.17216	0.861254
4.17519	0.861722
4.17832	0.86216
4.18138	0.862619
4.18505	0.862912
4.1887	0.863207
4.19234	0.863508
4.19606	0.863784
4.19916	0.864228
4.20237	0.864639
4.20541	0.865097
4.20843	0.86556
4.21144	0.866023
4.21482	0.866388
4.21798	0.86681
4.22112	0.867236
4.22412	0.8677
4.22704	0.868183
4.23022	0.868597
4.2337	0.86893
4.23713	0.869273
4.24049	0.869635
4.24434	0.869867
4.24765	0.870242
4.25103	0.870596
4.25458	0.870905
4.25755	0.871369
4.26112	0.871672
4.26427	0.872086
4.26749	0.872479
4.27051	0.872924
4.27359	0.873357
4.27671	0.873775
4.27999	0.874148
4.28321	0.87454
4.28654	0.874899
4.28946	0.875367
4.29278	0.875729
4.29624	0.876053
4.29933	0.876475
4.30231	0.876923
4.30556	0.8773
4.30937	0.877527
4.3124	0.877961
4.3153	0.878429
4.31877	0.878744
4.3217	0.879203
4.32472	0.879636
4.32794	0.880017
4.33125	0.880372
4.33463	0.880708
4.33787	0.881079
4.34089	0.881509
4.34418	0.881866
4.34751	0.882213
4.35075	0.882581
4.35404	0.882939
4.35751	0.883245
4.3605	0.883679
4.36351	0.884106
4.36661	0.884508
4.36959	0.884941
4.37272	0.885334
4.3764	0.885582
4.37939	0.88601
4.38281	0.886326
4.38575	0.886765
4.38883	0.88717
4.39179	0.887602
4.39471	0.888045
4.39764	0.888485
4.40066	0.888902
4.40369	0.889313
4.40667	0.889736
4.40962	0.890168
4.41262	0.890587
4.41613	0.89087
4.41916	0.891279
4.42231	0.891654
4.42532	0.892068
4.42831	0.892485
4.43193	0.892737
4.43573	0.892941
4.43949	0.893157
4.44281	0.893484
4.44578	0.893903
4.44888	0.894286
4.45189	0.894695
4.45491	0.895097
4.4584	0.895377
4.46143	0.895777
4.46445	0.896179
4.46821	0.896389
4.47187	0.896625
4.47478	0.897051
4.47819	0.89735
4.4812	0.897751
4.48424	0.898142
4.48739	0.898505
4.49033	0.898924
4.49335	0.899319
4.49642	0.8997
4.49951	0.900077
4.50298	0.900352
4.50598	0.900751
4.50943	0.901032
4.51286	0.901318
4.51588	0.901711
4.51895	0.902088
4.52195	0.902483
4.52519	0.902815
4.52879	0.903055
4.53226	0.903327
4.53538	0.903688
4.53879	0.903974
4.54194	0.904328
4.54495	0.904714
4.548	0.905091
4.55127	0.905412
4.55449	0.905743
4.55752	0.906123
4.56104	0.906378
4.56398	0.906779
4.56743	0.90705
4.57067	0.907375
4.57364	0.907768
4.57661	0.908158
4.57972	0.908513
4.58273	0.908894
4.58565	0.909296
4.58874	0.909654
4.59191	0.909992
4.59524	0.910289
4.59871	0.910548
4.60206	0.910838
4.60508	0.911213
4.60862	0.911452
4.6121	0.911709
4.61526	0.912045
4.61866	0.91232
4.62163	0.912702
4.62465	0.913072
4.62799	0.913362
4.63162	0.913576
4.63452	0.913975
4.63768	0.914307
4.64068	0.914678
4.6443	0.914893
4.64724	0.915279
4.65075	0.91552
4.6538	0.915877
4.65675	0.91626
4.65983	0.916607
4.663	0.916932
4.6663	0.917224
4.66951	0.917538
4.67276	0.91784
4.67636	0.918055
4.67966	0.918346
4.68272	0.918695
4.68582	0.919034
4.68885	0.919389
4.69207	0.919697
4.69501	0.920074
4.6983	0.920362
4.70136	0.920707
4.70461	0.921006
4.70991	0.920794
4.71329	0.921059
4.71655	0.921354
4.71953	0.921716
4.72261	0.922054
4.7258	0.922363
4.72871	0.922744
4.73182	0.923071
4.73523	0.923326
4.7386	0.923589
4.74178	0.923897
4.74532	0.92412
4.7489	0.924329
4.75227	0.924591
4.75528	0.92494
4.7589	0.925139
4.76181	0.925511
4.76498	0.92582
4.76838	0.926071
4.77128	0.926446
4.77419	0.926818
4.77734	0.927129
4.78105	0.927302
4.78428	0.927592
4.78728	0.927939
4.79036	0.928266
4.79348	0.928583
4.79642	0.928943
4.79946	0.929276
4.80282	0.929532
4.80633	0.929752
4.80939	0.930081
4.81246	0.930407
4.81547	0.930747
4.81885	0.930994
4.82242	0.931197
4.82542	0.931537
4.82901	0.931732
4.83211	0.932049
4.83555	0.932279
4.83891	0.932532
4.84191	0.932869
4.84546	0.933074
4.84925	0.93322
4.85226	0.933553
4.8555	0.933831
4.85856	0.934151
4.86192	0.9344
4.86531	0.934639
4.86859	0.934906
4.87188	0.935169
4.87499	0.935477
4.87805	0.935793
4.88141	0.93604
4.88474	0.936291
4.88767	0.936639
4.89068	0.936968
4.89369	0.937294
4.89683	0.937591
4.89999	0.937882
4.90297	0.938215
4.90616	0.938498
4.90913	0.938832
4.91215	0.939153
4.91574	0.93934
4.91929	0.939535
4.92246	0.939818
4.92545	0.940146
4.92838	0.940489
4.93155	0.940772
4.93525	0.940926
4.93823	0.941255
4.94143	0.941531
4.945	0.941716
4.94838	0.941949
4.95149	0.942243
4.9546	0.942538
4.95818	0.942721
4.96156	0.942951
4.96474	0.943225
4.96794	0.943498
4.97089	0.943829
4.97411	0.944095
4.97738	0.944349
4.98085	0.944555
4.98432	0.944759
4.98804	0.944906
4.99097	0.945238
4.99406	0.945533
4.99719	0.945816
5.00031	0.946102
5.0036	0.946349
5.00709	0.946546
5.01023	0.946827
5.01318	0.947152
5.01648	0.947393
5.01995	0.947595
5.02318	0.947852
5.02649	0.948089
5.02968	0.948356
5.03282	0.948633
5.03619	0.948855
5.03946	0.949102
5.04268	0.949359
5.04601	0.949589
5.04955	0.94977
5.05261	0.950063
5.05582	0.950322
5.05944	0.950484
5.06274	0.950721
5.06565	0.951046
5.06868	0.951345
5.07211	0.95155
5.07506	0.951867
5.07804	0.952174
5.08094	0.952503
5.08391	0.952813
5.08727	0.953032
5.09068	0.953238
5.09392	0.953485
5.09684	0.953804
5.10048	0.953956
5.10402	0.954132
5.10725	0.954379
5.11029	0.954669
5.11349	0.954923
5.11717	0.955063
5.12064	0.955253
5.12415	0.955434
5.12717	0.955726
5.13016	0.956028
5.13305	0.956349
5.1362	0.956612
5.13946	0.956848
5.14264	0.957103
5.14556	0.957416
5.14851	0.957722
5.1517	0.957974
5.15519	0.958154
5.15811	0.958467
5.16173	0.958616
5.16495	0.958858
5.16823	0.959088
5.17142	0.959336
5.17446	0.959618
5.17769	0.959858
5.18066	0.960154
5.18367	0.960444
5.18686	0.960688
5.19026	0.960888
5.19331	0.961164
5.19641	0.961432
5.1998	0.96163
5.20291	0.961893
5.20654	0.962038
5.21007	0.962203
5.21324	0.962451
5.2167	0.962634
5.21991	0.962872
5.22317	0.963098
5.22615	0.963387
5.2299	0.963503
5.23341	0.963671
5.23664	0.963905
5.2397	0.964173
5.24288	0.964417
5.2462	0.964628
5.24969	0.964799
5.25294	0.965025
5.25654	0.96517
5.25949	0.965464
5.26239	0.965767
5.26604	0.965903
5.26893	0.966207
5.27193	0.966487
5.27491	0.966772
5.27802	0.967028
5.2816	0.967175
5.28476	0.967418
5.28803	0.967635
5.29138	0.967833
5.29445	0.968097
5.2979	0.968272
5.30141	0.968434
5.30471	0.968643
5.30831	0.968785
5.31128	0.969068
5.31433	0.969331
5.31735	0.969601
5.32062	0.969815
5.32354	0.970109
5.32668	0.970352
5.32958	0.970647
5.33282	0.970868
5.33635	0.971021
5.3393	0.971306
5.34287	0.971449
5.34583	0.971731
5.34897	0.97197
5.35268	0.972083
5.35647	0.972179
5.35947	0.972448
5.36284	0.972635
5.36644	0.972773
5.3695	0.973028
5.3726	0.973275
5.37572	0.973518
5.37875	0.973779
5.38186	0.974023
5.38503	0.974252
5.38813	0.974499
5.39138	0.97471
5.39439	0.974975
5.39774	0.975162
5.40074	0.975428
5.40433	0.975564
5.40727	0.975842
5.41072	0.976009
5.41388	0.976236
5.41764	0.976334
5.42055	0.976618
5.42348	0.976897
5.42663	0.977126
5.42974	0.977364
5.43355	0.977448
5.43714	0.97758
5.44025	0.977819
5.44315	0.978103
5.44664	0.978256
5.44986	0.978468
5.45351	0.978585
5.45642	0.978866
5.45965	0.979075
5.46315	0.979226
5.46623	0.979469
5.46931	0.97971
5.47226	0.979979
5.47536	0.980214
5.47839	0.980466
5.48169	0.980658
5.48505	0.980837
5.48802	0.981102
5.49112	0.981336
5.49428	0.981557
5.49743	0.981779
5.50125	0.981856
5.50467	0.982022
5.50824	0.982152
5.51152	0.982345
5.51501	0.982493
5.51847	0.982647
5.52188	0.982813
5.52503	0.983034
5.52843	0.983199
5.53168	0.983399
5.5351	0.983561
5.53882	0.983657
5.54176	0.983921
5.5453	0.984057
5.54838	0.984291
5.55128	0.984564
5.55461	0.984742
5.55795	0.984919
5.56144	0.985065
5.56465	0.98527
5.5679	0.985465
5.57095	0.985703
5.57425	0.985887
5.5775	0.986083
5.58085	0.986256
5.58401	0.98647
5.58715	0.986688
5.59012	0.986941
5.59302	0.987209
5.59621	0.987415
5.59922	0.987659
5.60239	0.98787
5.60545	0.988102
5.60893	0.988246
5.61183	0.988512
5.61554	0.988604
5.61868	0.988819
5.62242	0.988906
5.62538	0.989158
5.62831	0.989418
5.63162	0.989594
5.63478	0.989804
5.63823	0.98995
5.64147	0.990141
5.64471	0.990332
5.64768	0.990581
5.65079	0.990799
5.65437	0.990918
5.65746	0.99114
5.66053	0.991365
5.66366	0.991579
5.667	0.991747
5.66994	0.992
5.67329	0.992165
5.67684	0.992286
5.67976	0.992543
5.68308	0.992715
5.68614	0.99294
5.68908	0.993191
5.69225	0.993393
5.69553	0.993572
5.69878	0.993756
5.70175	0.993999
5.70469	0.994248
5.7102	0.993956
5.71353	0.994123
5.71651	0.994363
5.71948	0.994604
5.7225	0.994837
5.72577	0.995013
5.72944	0.995109
5.73246	0.995339
5.73543	0.995579
5.73852	0.995795
5.74182	0.995965
5.74519	0.996122
5.74846	0.996298
5.75174	0.996472
5.75542	0.996563
5.75846	0.996787
5.7618	0.996948
5.76537	0.997059
5.76859	0.997245
5.77212	0.997365
5.77535	0.997549
5.77856	0.997737
5.78196	0.997884
5.78486	0.998136
5.78784	0.99837
5.79092	0.998582
5.79434	0.998724
5.79769	0.998881
5.80059	0.99913
5.8039	0.999294
5.80751	0.999397
5.81057	0.999612
5.81358	0.999838
5.81685	1.00001
5.81994	1.00022
5.82315	1.0004
5.82607	1.00064
5.82931	1.00082
5.83235	1.00104
5.8354	1.00126
5.83866	1.00143
5.84179	1.00163
5.8451	1.00179
5.8484	1.00195
5.85145	1.00217
5.85451	1.00238
5.85805	1.00249
5.86157	1.00261
5.86507	1.00273
5.86838	1.00289
5.87158	1.00307
5.87481	1.00324
5.87783	1.00346
5.88128	1.00359
5.88439	1.00379
5.88745	1.004
5.89075	1.00416
5.8941	1.00431
5.89701	1.00455
5.90019	1.00473
5.90316	1.00496
5.90689	1.00503
5.90998	1.00523
5.91342	1.00536
5.91676	1.00551
5.91992	1.0057
5.92363	1.00578
5.9271	1.0059
5.93051	1.00603
5.93574	1.0058
5.93924	1.00591
5.94223	1.00613
5.94536	1.00633
5.95178	1.00585
5.96433	1.00413
5.97092	1.00362
5.97724	1.00317
5.98359	1.00272
5.98984	1.00228
5.99323	1.00242
6.01142	0.999598
6.01481	0.999739
6.01774	0.999973
6.02102	1.00013
6.02449	1.00026
6.02765	1.00045
6.03068	1.00066
6.03696	1.00022
6.04917	0.998615
6.05211	0.998844
6.0551	0.999064
6.05819	0.999263
6.06759	0.998217
6.07373	0.997817
6.07685	0.998011
6.08923	0.996387
6.09247	0.996558
6.0988	0.996125
6.10172	0.996358
6.10791	0.995952
6.11093	0.996164
6.11424	0.99632
6.11733	0.99652
6.12024	0.996754
6.12624	0.996386
6.12914	0.99662
6.13204	0.996855
6.13514	0.997052
6.14784	0.995388
6.1508	0.995611
6.15993	0.994642
6.16585	0.994296
6.16888	0.994505
6.17548	0.994028
6.1788	0.994182
6.18189	0.99438
6.18538	0.9945
6.18831	0.994729
6.19133	0.994938
6.19746	0.994553
6.21	0.992946
6.21303	0.993154
6.22539	0.991589
6.23796	0.989992
6.24473	0.989494
6.24767	0.98972
6.25079	0.989912
6.2569	0.989541
6.27528	0.986871
6.28168	0.98645
6.29392	0.984942
6.29689	0.985164
6.29995	0.985369
6.30612	0.984995
6.31541	0.984043
6.31868	0.984207
6.3277	0.98331
6.33069	0.983528
6.33972	0.982632
6.34604	0.982236
6.3519	0.981926
6.35481	0.982158
6.36398	0.981242
6.36722	0.981412
6.37351	0.981025
6.38279	0.980096
6.38897	0.979731
6.39202	0.979936
6.39569	0.98003
6.39861	0.980259
6.40184	0.980431
6.40843	0.979993
6.42394	0.977946
6.43004	0.977602
6.43315	0.977797
6.43622	0.977997
6.44542	0.977097
6.44849	0.977298
6.45155	0.977502
6.47612	0.973863
6.48523	0.972993
6.48817	0.973218
6.49707	0.972387
6.51557	0.969868
6.52201	0.969479
6.52835	0.969107
6.53164	0.969272
6.53473	0.969472
6.53771	0.969689
6.55631	0.96718
6.56531	0.966351
6.56821	0.966584
6.57156	0.966738
6.57447	0.966968
6.58068	0.966627
6.58357	0.966859
6.58655	0.967077
6.58961	0.96728
6.59588	0.966928
6.60572	0.965961
6.60888	0.966147
6.61185	0.966366
6.62422	0.964969
6.64256	0.962559
6.65503	0.961161
6.66726	0.959809
6.67338	0.959496
6.67963	0.959161
6.68277	0.959351
6.68585	0.959552
6.69231	0.959183
6.69529	0.959401
6.70472	0.958533
6.70796	0.958706
6.7172	0.957873
6.72342	0.957547
6.72999	0.957164
6.73323	0.957338
6.74242	0.95652
6.74536	0.956742
6.7486	0.956917
6.75761	0.95613
6.76055	0.956353
6.76661	0.956058
6.77303	0.955705
6.77924	0.955387
6.78542	0.955074
6.7916	0.954763
6.80691	0.95295
6.81034	0.953093
6.81951	0.952295
6.82269	0.952478
6.82567	0.952694
6.83799	0.951386
6.84421	0.951073
6.85028	0.950787
6.85322	0.951009
6.85636	0.951198
6.85926	0.951427
6.86228	0.951635
6.86535	0.951836
6.86842	0.952036
6.87483	0.951694
6.88079	0.951426
6.88389	0.951621
6.88695	0.951823
6.89638	0.950994
6.89969	0.951155
6.90277	0.951353
6.90575	0.951566
6.91787	0.95031
6.92108	0.950486
6.92429	0.950662
6.92728	0.950874
6.93028	0.951084
6.93338	0.951277
6.94916	0.949442
6.95208	0.949664
6.95511	0.949869
6.96419	0.94911
6.97069	0.948762
6.97373	0.948966
6.97672	0.949176
6.97978	0.949375
6.9832	0.949517
6.9865	0.949677
6.98988	0.949826
6.99601	0.949538
7.00201	0.949271
7.01444	0.94799
7.02364	0.947223
7.03005	0.946895
7.03633	0.946589
7.03924	0.94681
7.04244	0.946987
7.04898	0.94664
7.05579	0.946252
7.05892	0.946439
7.06489	0.946182
7.07467	0.945335
7.07759	0.945554
7.08059	0.945762
7.08371	0.945949
7.09296	0.945185
7.09934	0.944868
7.10235	0.945074
7.10527	0.945291
7.11111	0.945059
7.11401	0.945281
7.11694	0.945498
7.12657	0.94468
7.12963	0.944877
7.13268	0.945075
7.13588	0.945249
7.14493	0.944524
7.15113	0.944237
7.15407	0.944452
7.16661	0.943195
7.17034	0.943289
7.17936	0.942576
7.18232	0.942787
7.19163	0.94203
7.20774	0.940245
7.21072	0.940454
7.2137	0.940662
7.22595	0.939469
7.22939	0.939608
7.24158	0.938429
7.24491	0.938585
7.2478	0.938805
7.25094	0.938989
7.25418	0.939158
7.26049	0.938865
7.26655	0.938611
7.26959	0.938809
7.27257	0.939017
7.27552	0.939228
7.28484	0.938486
7.28778	0.938699
7.30049	0.937455
7.30343	0.937669
7.30979	0.937372
7.32202	0.936207
7.33116	0.935503
7.33729	0.935244
7.35017	0.933992
7.3531	0.934206
7.40273	0.927604
7.40878	0.927367
7.41181	0.927569
7.41498	0.927748
7.42697	0.926654
7.43011	0.926839
7.43654	0.926549
7.44283	0.926281
7.4528	0.925485
7.45903	0.925226
7.46498	0.925009
7.47728	0.923883
7.48996	0.92271
7.49893	0.922067
7.50187	0.92228
7.50503	0.922462
7.50806	0.922662
7.51112	0.922857
7.51436	0.923027
7.52347	0.922365
7.53239	0.921733
7.53555	0.921914
7.54219	0.921605
7.54513	0.921816
7.55097	0.921619
7.55736	0.921347
7.5606	0.921516
7.57578	0.920012
7.57872	0.920223
7.58164	0.920437
7.58506	0.920581
7.59093	0.920382
7.59392	0.920586
7.6	0.920358
7.60593	0.920153
7.60908	0.920334
7.61253	0.920473
7.61856	0.920254
7.62149	0.920465
7.62777	0.920211
7.63072	0.920419
7.63706	0.920157
7.63997	0.920371
7.64616	0.920129
7.65528	0.919484
7.65832	0.91968
7.66125	0.91989
7.67025	0.919263
7.67334	0.91945
7.67961	0.9192
7.68892	0.918534
7.6986	0.917818
7.70794	0.917151
7.71096	0.917348
7.71428	0.917504
7.73045	0.915909
7.73365	0.916082
7.73706	0.916226
7.75236	0.914756
7.75889	0.914479
7.76798	0.913856
7.77122	0.914024
7.77446	0.914191
7.77779	0.914347
7.78682	0.913734
7.79316	0.913484
7.80227	0.912863
7.80518	0.913074
7.80825	0.913264
7.81488	0.912976
7.8211	0.912745
7.82436	0.912909
7.82729	0.913117
7.83957	0.912077
7.86123	0.909794
7.86449	0.909959
7.86739	0.910171
7.87066	0.910333
7.87362	0.910538
7.8828	0.909918
7.88871	0.909732
7.89806	0.909093
7.90392	0.908914
7.90684	0.909123
7.90974	0.909335
7.91281	0.909523
7.91954	0.90923
7.92574	0.909007
7.93489	0.908399
7.9409	0.908203
7.94752	0.907927
7.95069	0.908102
7.9536	0.908312
7.95668	0.908497
7.95973	0.908688
7.96277	0.908879
7.96875	0.908688
7.97799	0.908071
7.98394	0.907884
7.98998	0.907686
7.99342	0.907825
7.99635	0.908031
8.0061	0.907351
8.00926	0.907527
8.01273	0.907662
8.01577	0.907852
8.01899	0.908019
8.02503	0.907821
8.03414	0.907228
8.03718	0.907418
8.05024	0.906318
8.05625	0.906127
8.06539	0.905534
8.06831	0.905739
8.07121	0.905947
8.07718	0.905762
8.08008	0.90597
8.08332	0.906134
8.08675	0.906272
8.09861	0.905336
8.10161	0.90553
8.10518	0.905651
8.10812	0.905853
8.11406	0.905673
8.12056	0.905421
8.12379	0.905585
8.12705	0.905746
8.13327	0.90553
8.13666	0.905675
8.1489	0.904696
8.15196	0.904882
8.15828	0.904655
8.1613	0.904845
8.16434	0.905034
8.17021	0.904864
8.17311	0.905069
8.1763	0.905238
8.17939	0.905418
8.18233	0.905619
8.19431	0.904679
8.20385	0.904049
8.21324	0.903441
8.21929	0.903251
8.22809	0.902718
8.23707	0.902164
8.24664	0.901538
8.24971	0.901721
8.25261	0.901925
8.26166	0.901365
8.26463	0.90156
8.26803	0.901703
8.2743	0.901488
8.27729	0.901681
8.28958	0.900723
8.29545	0.900559
8.29839	0.900757
8.30722	0.90023
8.31621	0.899684
8.32238	0.899484
8.32843	0.899301
8.33455	0.89911
8.33787	0.89926
8.34098	0.899437
8.34415	0.899606
8.35688	0.898607
8.36302	0.898413
8.36635	0.898563
8.37607	0.897936
8.37913	0.898118
8.38568	0.897876
8.38887	0.898043
8.39231	0.898179
8.3984	0.897993
8.40425	0.897837
8.40748	0.897999
8.41042	0.898195
8.4138	0.898337
8.41712	0.898488
8.42017	0.898671
8.42308	0.89887
8.42924	0.898676
8.43233	0.898853
8.43536	0.899038
8.43837	0.899225
8.45031	0.898333
8.45323	0.898531
8.45909	0.898375
8.46243	0.898522
8.4751	0.897546
8.4812	0.897362
8.48748	0.897156
8.49332	0.897004
8.49675	0.89714
8.4999	0.897309
8.50916	0.896748
8.5123	0.896919
8.51878	0.896691
8.5219	0.896863
8.53099	0.896325
8.53411	0.896497
8.53738	0.896651
8.55248	0.895401
8.55592	0.895536
8.55889	0.895725
8.56198	0.895901
8.57134	0.895334
8.58687	0.894041
8.59923	0.893127
8.60914	0.892501
8.61242	0.892655
8.61835	0.892498
8.62129	0.892691
8.62476	0.892822
8.62772	0.893012
8.63069	0.893201
8.63385	0.893368
8.63695	0.893542
8.64307	0.893362
8.64638	0.893511
8.64941	0.893693
8.65241	0.893877
8.65858	0.893693
8.66148	0.893889
8.66459	0.894061
8.6677	0.894232
8.67678	0.893708
8.67988	0.893881
8.68621	0.893677
8.69808	0.892831
8.70701	0.892328
8.71652	0.89176
8.71945	0.891951
8.72267	0.89211
8.72887	0.891925
8.73189	0.892106
8.73491	0.892287
8.75023	0.891051
8.75961	0.890503
8.76287	0.890656
8.76908	0.890471
8.77527	0.89029
8.77837	0.890461
8.78127	0.890655
8.78424	0.890842
8.79063	0.890637
8.79358	0.890826
8.79972	0.890649
8.8149	0.889444
8.8178	0.889637
8.82086	0.889813
8.82396	0.889984
8.83016	0.889802
8.83912	0.889308
8.84212	0.88949
8.86052	0.887929
8.86944	0.887443
8.87246	0.887623
8.8796	0.887339
8.88263	0.887517
8.88884	0.887338
8.89185	0.887519
8.89776	0.887372
8.90069	0.887562
8.90377	0.887735
8.9068	0.887912
8.90993	0.888079
8.91291	0.888262
8.91582	0.888453
8.91899	0.888614
8.93103	0.887782
8.94018	0.887274
8.94618	0.88712
8.95221	0.886962
8.95571	0.887087
8.96184	0.886918
8.96491	0.887091
8.97104	0.886923
8.98364	0.886036
8.98715	0.886159
9.0092	0.884232
9.01223	0.884408
9.02786	0.883197
9.03105	0.883356
9.03418	0.883521
9.05292	0.881974
9.05902	0.881815
9.06519	0.881648
9.08096	0.880434
9.08396	0.880614
9.09374	0.880056
9.09689	0.880219
9.09986	0.880402
9.10279	0.880589
9.11197	0.880098
9.11809	0.879939
9.121	0.880128
9.12399	0.880308
9.13009	0.880152
9.13612	0.880003
9.14249	0.879818
9.15169	0.879327
9.16116	0.878809
9.16413	0.87899
9.16995	0.878866
9.1731	0.879028
9.17613	0.879203
9.17903	0.879392
9.18223	0.879549
9.18862	0.879363
9.19179	0.879522
9.20088	0.879047
9.20389	0.879224
9.20693	0.879397
9.21343	0.8792
9.22234	0.878746
9.23125	0.878292
9.23431	0.878463
9.23743	0.878627
9.24657	0.87815
9.2495	0.878335
9.25282	0.878478
9.25602	0.878634
9.2626	0.878429
9.26875	0.878272
9.27185	0.878438
9.27499	0.878599
9.28093	0.878464
9.28387	0.878647
9.29048	0.87844
9.29367	0.878596
9.29702	0.878735
9.3002	0.878892
9.31823	0.877479
9.32495	0.877263
9.32828	0.877404
9.33187	0.877517
9.33837	0.877325
9.35055	0.876535
9.35359	0.876706
9.37493	0.874962
9.37811	0.875119
9.38133	0.875271
9.38456	0.875422
9.388	0.875551
9.39124	0.875702
9.39432	0.875868
9.39754	0.87602
9.40105	0.876142
9.40464	0.876255
9.40762	0.876431
9.42003	0.875627
9.42301	0.875802
9.42917	0.875648
9.43803	0.875215
9.44127	0.875364
9.44437	0.875528
9.44742	0.875697
9.45032	0.875881
9.45333	0.876054
9.45634	0.876225
9.4627	0.876052
9.47191	0.875582
9.47804	0.875432
9.48108	0.875601
9.48414	0.875769
9.49	0.875647
9.49594	0.875517
9.50554	0.87501
9.5085	0.875187
9.51446	0.875055
9.52037	0.874929
9.52335	0.875104
9.53551	0.874337
9.54792	0.873546
9.55399	0.873405
9.56047	0.873223
9.57039	0.87269
9.57626	0.87257
9.57991	0.872677
9.58607	0.872528
9.59206	0.872396
9.59551	0.872522
9.60193	0.872347
9.60491	0.872521
9.60794	0.87269
9.61104	0.872852
9.62322	0.872093
9.62626	0.872261
9.63227	0.872128
9.63523	0.872303
9.63857	0.872441
9.64475	0.872291
9.65669	0.871561
9.65964	0.871737
9.66262	0.87191
9.67157	0.871483
9.67455	0.871655
9.67747	0.871834
9.68043	0.872009
9.68381	0.87214
9.69635	0.871354
9.70244	0.871215
9.70853	0.871076
9.71173	0.871226
9.71479	0.871391
9.72071	0.871268
9.72377	0.871432
9.73917	0.870366
9.74826	0.869929
9.75129	0.870097
9.75738	0.869959
9.76713	0.869459
9.7857	0.868087
9.7986	0.86728
9.80469	0.867145
9.81372	0.866721
9.81976	0.866592
9.82874	0.866175
9.83169	0.866349
9.84999	0.86502
9.85306	0.865184
9.85899	0.865067
9.86503	0.864939
9.87505	0.864424
9.87813	0.864585
9.88427	0.864449
9.88749	0.864597
9.89088	0.864728
9.89397	0.864888
9.9003	0.864733
9.90381	0.864853
9.90675	0.865027
9.91008	0.865163
9.93221	0.863478
9.93542	0.863626
9.93848	0.863789
9.95376	0.862773
9.95698	0.862919
9.96003	0.863083
9.96593	0.862972
9.97539	0.862519
9.98434	0.862115
9.99032	0.861997
9.9934	0.862157
9.99662	0.862304
9.99967	0.862468
10.0026	0.862641
10.0056	0.862809
10.0116	0.862685
10.0271	0.86166
10.0301	0.86183
10.0392	0.861417
10.0424	0.861564
10.0453	0.861737
10.0483	0.86191
10.0513	0.862077
10.0545	0.862223
10.0632	0.861843
10.0691	0.861738
10.0722	0.861891
10.0782	0.861775
10.084	0.861674
10.0992	0.860684
10.1117	0.85995
10.118	0.859811
10.121	0.859979
10.1275	0.85981
10.1459	0.858526
10.1525	0.858355
10.1644	0.85769
10.1768	0.856982
10.1828	0.856868
10.1857	0.857037
10.1888	0.857194
10.1919	0.857358
10.1979	0.857241
10.2077	0.856769
10.2107	0.856942
10.2143	0.85705
10.2516	0.854039
10.2734	0.852468
10.2861	0.851748
10.2962	0.85126
10.3051	0.850885
10.32	0.849967
10.3229	0.850142
10.3292	0.850002
10.3324	0.85015
10.3353	0.850325
10.3568	0.848813
10.3635	0.848643
10.3785	0.847722
10.3817	0.847866
10.3908	0.847485
10.4035	0.846769
10.4286	0.844954
10.4406	0.844311
10.4442	0.844425
10.4472	0.844586
10.4538	0.844436
10.4569	0.844593
10.4598	0.84476
10.4724	0.844073
10.4756	0.844223
10.4817	0.844109
10.4846	0.844282
10.4966	0.843643
10.5031	0.843502
10.512	0.843139
10.5154	0.843267
10.522	0.84312
10.525	0.843286
10.531	0.843182
10.534	0.843345
10.537	0.843512
10.5434	0.843369
10.5466	0.843521
10.5525	0.843424
10.5645	0.842801
10.5678	0.842938
10.5742	0.842798
10.5771	0.842968
10.5802	0.843128
10.5832	0.843291
10.5863	0.843441
10.5926	0.843315
10.5961	0.843439
10.5991	0.843598
10.6023	0.843748
10.6057	0.843873
10.6087	0.844036
10.6178	0.843659
10.6208	0.843823
10.624	0.843972
10.6334	0.843575
10.6398	0.843432
10.646	0.843323
10.6493	0.843456
10.6584	0.843088
10.6644	0.842984
10.6675	0.843139
10.6711	0.84325
10.6743	0.843391
10.6774	0.843542
10.6834	0.843445
10.6864	0.84361
10.6955	0.843242
10.7015	0.84314
10.7076	0.843028
10.7258	0.841874
10.7288	0.842038
10.7346	0.841954
10.7375	0.842124
10.7436	0.842021
10.7495	0.841932
10.7524	0.842096
10.7586	0.841984
10.7617	0.842138
10.7826	0.840752
10.7861	0.840873
10.7925	0.840742
10.8015	0.840386
10.8045	0.840546
10.8104	0.84046
10.8136	0.840602
10.8195	0.840514
10.8225	0.840678
10.8254	0.840841
10.8315	0.840736
10.8375	0.840639
10.8405	0.8408
10.859	0.83964
10.8656	0.839492
10.8753	0.839081
10.8784	0.839233
10.8878	0.83885
10.8994	0.838286
10.9023	0.838451
10.9057	0.83858
10.9087	0.838734
10.9119	0.838877
10.9181	0.838767
10.9242	0.838667
10.9515	0.836774
10.9611	0.836383
10.9646	0.836501
10.9677	0.836645
10.9772	0.836258
10.9926	0.835382
10.9989	0.835267
11.0019	0.835426
11.0048	0.835591
11.008	0.835735
11.0173	0.835367
11.0267	0.834994
11.0297	0.835153
11.0327	0.835308
11.036	0.83544
11.039	0.835601
11.0423	0.835735
11.0455	0.83588
11.0518	0.835763
11.0547	0.835926
11.0703	0.835036
11.0766	0.834921
11.0796	0.835078
11.0888	0.834727
11.0919	0.834876
11.0952	0.835006
11.0986	0.835135
11.1049	0.835016
11.1078	0.835181
11.1112	0.835303
11.1141	0.835469
11.12	0.835387
11.126	0.835297
11.132	0.835212
11.1349	0.835377
11.1378	0.835539
11.1407	0.835704
11.1439	0.83584
11.1528	0.835512
11.159	0.835406
11.162	0.835561
11.1652	0.835702
11.1711	0.835619
11.1745	0.835748
11.1775	0.835902
11.1836	0.835806
11.1894	0.835728
11.1923	0.83589
11.1953	0.83605
11.1984	0.8362
11.2013	0.836361
11.2076	0.836246
11.2105	0.836408
11.2134	0.836569
11.2227	0.836212
11.2259	0.83635
11.2289	0.836503
11.2385	0.836124
11.245	0.835992
11.2479	0.836155
11.2636	0.835276
11.2696	0.835183
11.276	0.835061
11.2821	0.834967
11.2886	0.834838
11.2954	0.834688
11.3043	0.834358
11.3137	0.833994
11.3231	0.833635
11.3261	0.833791
11.329	0.833949
11.3319	0.834112
11.3382	0.834005
11.3441	0.833921
11.3625	0.83284
11.3656	0.832983
11.3687	0.833125
11.3717	0.833281
11.375	0.833409
11.3811	0.833319
11.3841	0.833475
11.387	0.833635
11.39	0.833783
11.3931	0.833935
11.396	0.83409
11.4021	0.833997
11.405	0.834158
11.408	0.834313
11.4234	0.833474
11.4263	0.833634
11.4322	0.833555
11.4387	0.833431
11.454	0.832602
11.4664	0.832008
11.4756	0.831669
11.4787	0.831809
11.4852	0.831681
11.4883	0.831829
11.5129	0.830271
11.5193	0.830157
11.5285	0.829823
11.5318	0.829949
11.5349	0.830092
11.538	0.830236
11.5445	0.830119
11.5477	0.830251
11.5539	0.83015
11.56	0.830063
11.5631	0.830208
11.5662	0.830351
11.5727	0.830223
11.5758	0.830373
11.5914	0.829535
11.5973	0.829455
11.6037	0.829347
11.619	0.828536
11.628	0.828216
11.6406	0.827621
11.6436	0.827777
11.6466	0.827926
11.6495	0.828083
11.6588	0.827744
11.662	0.827886
11.6746	0.827288
11.6775	0.827447
11.6842	0.827314
11.6903	0.827224
11.6933	0.827373
11.7033	0.826983
11.7243	0.825743
11.7304	0.82566
11.7367	0.825557
11.7399	0.825694
11.746	0.825607
11.749	0.825754
11.7553	0.825649
11.7583	0.825802
11.7765	0.824787
11.7918	0.823999
11.7949	0.824143
11.8073	0.823572
11.8103	0.823724
11.8166	0.823624
11.8257	0.823311
11.8317	0.823233
11.8346	0.823387
11.8376	0.823541
11.841	0.823661
11.8442	0.823795
11.85	0.823731
11.856	0.823649
11.859	0.823804
11.8619	0.82396
11.8747	0.823368
11.8776	0.823524
11.8928	0.822752
11.9084	0.821951
11.9179	0.82161
11.9211	0.821742
11.9245	0.821863
11.9305	0.821784
11.9462	0.820978
11.9554	0.820669
11.9585	0.820808
11.9614	0.820964
11.9645	0.821105
11.9675	0.821257
11.9704	0.821408
11.9767	0.821311
11.9797	0.821463
11.9829	0.821596
12.0017	0.820559
12.0047	0.820712
12.0077	0.820859
12.0172	0.820527
12.0262	0.820228
12.0291	0.82038
12.0381	0.820081
12.0442	0.820001
12.0475	0.820125
12.0542	0.819997
12.0576	0.820115
12.092	0.817942
12.0956	0.818052
12.0986	0.818195
12.1015	0.818351
12.1048	0.818476
12.1138	0.818184
12.1169	0.818321
12.1203	0.81844
12.1265	0.818352
12.1326	0.818269
12.1357	0.818413
12.1387	0.818557
12.1477	0.818264
12.1541	0.818167
12.1572	0.818308
12.163	0.818243
12.1667	0.818345
12.173	0.818244
12.1762	0.818379
12.1948	0.817389
12.2169	0.816142
12.2327	0.815356
12.2359	0.815489
12.2422	0.815394
12.2456	0.815516
12.2485	0.81567
12.2637	0.814929
12.2668	0.815072
12.2786	0.814578
12.2906	0.814079
12.2971	0.813975
12.3001	0.814119
12.315	0.813406
12.3219	0.813272
12.334	0.812766
12.3372	0.812902
12.3434	0.812819
12.3498	0.812718
12.3529	0.812854
12.356	0.813
12.3653	0.812691
12.3712	0.812627
12.3805	0.812325
12.3871	0.812215
12.3901	0.812358
12.3994	0.812059
12.4028	0.812171
12.4119	0.811883
12.4214	0.811571
12.4247	0.811689
12.4277	0.811841
12.4306	0.81199
12.4335	0.812141
12.4455	0.811651
12.4516	0.811576
12.4728	0.810434
12.4789	0.810355
12.482	0.810496
12.485	0.810641
12.4883	0.810765
12.5032	0.81007
12.5062	0.810213
12.5125	0.810127
12.5214	0.809854
12.5247	0.809978
12.5346	0.809641
12.5375	0.809791
12.5407	0.809924
12.5498	0.809638
12.5598	0.809294
12.563	0.809422
12.5689	0.809364
12.5754	0.809261
12.5846	0.808976
12.5877	0.809115
12.597	0.808816
12.6	0.808963
12.606	0.808896
12.609	0.809041
12.6125	0.809144
12.616	0.809255
12.6227	0.809143
12.6288	0.809071
12.6378	0.808793
12.6409	0.808936
12.6438	0.809082
12.6471	0.809207
12.6503	0.809335
12.6533	0.809476
12.6596	0.80939
12.6629	0.809513
12.6658	0.809662
12.6688	0.809806
12.6779	0.809523
12.6841	0.809449
12.6999	0.808702
12.7029	0.808847
12.7063	0.808961
12.7124	0.808893
12.725	0.808367
12.7403	0.807664
12.7496	0.807374
12.7587	0.807101
12.7616	0.807246
12.7649	0.807369
12.7679	0.807514
12.7746	0.807403
12.7776	0.807543
12.7809	0.807667
12.7901	0.807384
12.7936	0.807491
12.7998	0.80741
12.8057	0.807352
12.8119	0.80728
12.8148	0.807429
12.8177	0.807577
12.8237	0.807511
12.8269	0.807641
12.8299	0.807781
12.8389	0.807511
12.8422	0.807634
12.8452	0.807778
12.8481	0.807921
12.8546	0.807822
12.8577	0.807961
12.8666	0.8077
12.8696	0.807837
12.8756	0.807776
12.8938	0.806886
12.8969	0.807018
12.9062	0.806735
12.9092	0.806876
12.9121	0.807023
12.9152	0.807157
12.9184	0.80728
12.9338	0.806581
12.9367	0.806728
12.9429	0.806656
12.946	0.806788
12.9675	0.805679
12.9735	0.805621
12.9797	0.805543
12.9828	0.805675
12.9858	0.805816
12.9917	0.805763
12.9947	0.805904
12.9977	0.806045
13.0065	0.80579
13.0125	0.805728
13.0155	0.805869
13.0248	0.80559
13.0278	0.805729
13.034	0.805656
13.037	0.805794
13.0405	0.805897
13.0435	0.806038
13.056	0.805544
13.0619	0.805486
13.0651	0.805614
13.0682	0.805749
13.0745	0.805665
13.0806	0.805594
13.0837	0.805729
13.0869	0.805857
13.0931	0.805782
13.0961	0.805922
13.1085	0.805434
13.1114	0.805579
13.1148	0.80569
13.1213	0.805594
13.1243	0.805735
13.1272	0.805878
13.1366	0.805593
13.1395	0.805736
13.1459	0.80565
13.152	0.805584
13.1589	0.805465
13.1678	0.805212
13.1707	0.805355
13.1738	0.805489
13.1768	0.805623
13.1799	0.805758
13.183	0.805887
13.2016	0.804991
13.2106	0.804735
13.2231	0.80425
13.226	0.804389
13.2291	0.804524
13.2354	0.804443
13.2385	0.804576
13.2415	0.804711
13.2476	0.804648
13.2564	0.804404
13.2596	0.804528
13.2656	0.804464
13.2781	0.803979
13.2845	0.803896
13.2875	0.804035
13.2936	0.803967
13.2968	0.804089
13.3027	0.804035
13.3057	0.804173
13.3243	0.803294
13.3433	0.802391
13.3462	0.802534
13.3492	0.802668
13.3584	0.802403
13.3616	0.802529
13.3646	0.802665
13.3805	0.801964
13.384	0.802065
13.3871	0.802194
13.4125	0.800885
13.4159	0.800993
13.4189	0.801133
13.4218	0.801275
13.4314	0.800988
13.4405	0.800727
13.4436	0.800859
13.4526	0.800609
13.4556	0.800742
13.4586	0.80088
13.4615	0.80102
13.4644	0.801162
13.4677	0.801284
13.4738	0.801217
13.4798	0.801162
13.4828	0.8013
13.498	0.800652
13.5012	0.800775
13.5041	0.800914
13.51	0.800866
13.5189	0.800625
13.5253	0.800542
13.5316	0.800467
13.5382	0.80037
13.5412	0.800506
13.5658	0.799264
13.5724	0.799169
13.5754	0.799306
13.5785	0.799435
13.5814	0.799575
13.5963	0.798957
13.6084	0.798511
13.6146	0.798446
13.6178	0.798566
13.6212	0.798676
13.6245	0.798794
13.6334	0.798555
13.6395	0.79849
13.6427	0.798617
13.6516	0.798379
13.6608	0.798118
13.6703	0.797842
13.6854	0.797217
13.6885	0.797348
13.6914	0.797488
13.6975	0.797425
13.7004	0.797563
13.7033	0.797704
13.7066	0.797822
13.7126	0.797766
13.716	0.797873
13.719	0.798012
13.7219	0.798148
13.7248	0.798289
13.7277	0.798427
13.7341	0.798352
13.7437	0.798069
13.7591	0.797425
13.7621	0.797559
13.7682	0.797503
13.7742	0.79745
13.7771	0.79759
13.7835	0.797509
13.7867	0.797629
13.7897	0.797762
13.7958	0.797701
13.7987	0.797841
13.802	0.797958
13.8051	0.798081
13.812	0.79797
13.8242	0.797535
13.8334	0.797282
13.8396	0.797212
13.8426	0.797344
13.8456	0.797478
13.8489	0.797596
13.8518	0.797735
13.8703	0.796903
13.8734	0.797029
13.8764	0.797164
13.8827	0.797091
13.8863	0.797184
13.8927	0.797108
13.9017	0.796871
13.9047	0.797003
13.9138	0.796757
13.917	0.796875
13.9488	0.795233
13.9523	0.795335
13.9586	0.795265
13.9615	0.795402
13.9645	0.795536
13.9675	0.795665
13.9737	0.795601
13.9772	0.795706
13.9803	0.79583
13.9988	0.795011
14.0079	0.794769
14.0205	0.794317
14.0323	0.793911
14.0354	0.79404
14.0477	0.7936
14.0509	0.793722
14.0538	0.793857
14.0573	0.793963
14.0633	0.793908
14.0668	0.79401
14.0921	0.79279
14.0982	0.792729
14.1013	0.79286
14.1044	0.792981
14.1109	0.792903
14.1171	0.792839
14.1231	0.792791
14.1261	0.792921
14.1385	0.79248
14.1416	0.792606
14.1448	0.792724
14.1478	0.792854
14.1567	0.792634
14.1596	0.792768
14.1626	0.792901
14.1747	0.792479
14.1809	0.792417
14.1903	0.792167
14.1933	0.792296
14.1964	0.79242
14.1995	0.792546
14.2053	0.792504
14.2115	0.792444
14.2145	0.792574
14.2175	0.792704
14.2238	0.792637
14.2269	0.792763
14.2298	0.792895
14.2329	0.79302
14.2491	0.79236
14.252	0.792494
14.2613	0.792245
14.2643	0.792375
14.2704	0.792323
14.2763	0.792281
14.2821	0.792239
14.2882	0.792187
14.2912	0.792316
14.2945	0.792426
14.3008	0.792357
14.3256	0.791192
14.3288	0.791307
14.3349	0.791252
14.3379	0.791383
14.3442	0.791317
14.3473	0.791441
14.3504	0.791561
14.3535	0.791689
14.357	0.791786
14.3698	0.791332
14.3728	0.791463
14.385	0.791046
14.388	0.791177
14.3974	0.790929
14.4066	0.79069
14.4096	0.790815
14.428	0.790037
14.4309	0.790171
14.434	0.790297
14.437	0.790425
14.4494	0.789998
14.4587	0.789759
14.4618	0.789883
14.4647	0.790015
14.474	0.789773
14.4832	0.789538
14.4892	0.78949
14.4921	0.789624
14.495	0.789758
14.498	0.789884
14.5039	0.789845
14.5104	0.789766
14.5166	0.789707
14.5256	0.789488
14.5286	0.789616
14.5532	0.78848
14.5591	0.78844
14.5685	0.788196
14.587	0.787425
14.5901	0.787548
14.5991	0.787329
14.6022	0.78745
14.6054	0.787564
14.6089	0.787666
14.6148	0.787623
14.6209	0.787574
14.6238	0.787703
14.6271	0.787811
14.6337	0.787735
14.6398	0.787682
14.6463	0.787603
14.6496	0.787714
14.6526	0.787843
14.6555	0.787976
14.6589	0.788079
14.668	0.787855
14.6745	0.787777
14.6959	0.786847
14.6988	0.786978
14.7017	0.78711
14.7106	0.7869
14.7136	0.787027
14.7294	0.786417
14.7326	0.786536
14.7357	0.786655
14.7416	0.786617
14.7512	0.786365
14.7574	0.786307
14.7604	0.786432
14.7634	0.78656
14.7698	0.786488
14.7728	0.786619
14.776	0.786733
14.7823	0.786669
14.7975	0.786098
14.8278	0.784672
14.8404	0.784257
14.8434	0.784379
14.8496	0.784326
14.8619	0.783927
14.8648	0.784058
14.8679	0.784177
14.8739	0.78413
14.8799	0.784088
14.8863	0.784025
14.8926	0.783962
14.8988	0.783907
14.905	0.78385
14.911	0.783808
14.9172	0.783756
14.9236	0.783687
14.9327	0.783468
14.9357	0.783594
14.9477	0.783213
14.9507	0.783337
14.9539	0.783455
14.9631	0.783229
14.9662	0.783351
14.9755	0.783124
14.9817	0.783069
14.9847	0.78319
14.9879	0.783304
14.9908	0.783434
14.9969	0.783385
