5.94582	0.00139044
5.95178	0.00277527
5.95526	0.00415801
5.95834	0.00553824
5.96471	0.00690793
5.97095	0.00827209
5.97752	0.00962947
5.98387	0.0109817
5.99337	0.0123152
5.99629	0.0136702
5.99937	0.0150218
6.00234	0.0163712
6.00554	0.0177166
6.03087	0.01892
6.03723	0.0202289
6.04028	0.0215559
6.04329	0.0228805
6.05847	0.0241061
6.06143	0.0254208
6.06773	0.0267038
6.07697	0.0279548
6.08025	0.0292548
6.0832	0.0305553
6.09286	0.0317841
6.10205	0.0330105
6.12035	0.0341295
6.1355	0.0352709
6.13848	0.0365425
6.14171	0.0378087
6.15094	0.0389979
6.15398	0.040259
6.16004	0.0414779
6.16935	0.0426485
6.19155	0.0436352
6.19766	0.0448327
6.20102	0.0460653
6.20403	0.0473005
6.2132	0.0484402
6.21655	0.0496631
6.21953	0.0508895
6.22572	0.0520616
6.22866	0.0532827
6.23186	0.0544974
6.23859	0.055649
6.2508	0.0566999
6.25697	0.05785
6.26003	0.0590522
6.26303	0.0602531
6.26628	0.0614473
6.26935	0.0626423
6.27571	0.0637712
6.28177	0.0649015
6.28475	0.0660897
6.28778	0.0672746
6.30026	0.0682613
6.30623	0.0693769
6.30961	0.0705436
6.3188	0.0715825
6.32179	0.0727511
6.33071	0.0737861
6.33377	0.0749469
6.34007	0.0760319
6.3461	0.0771189
6.35496	0.0781362
6.35812	0.0792825
6.36728	0.0802833
6.37407	0.0813357
6.37697	0.0824787
6.3828	0.0835473
6.40214	0.0842764
6.40866	0.0853169
6.41162	0.0864433
6.41473	0.0875641
6.41778	0.0886844
6.42412	0.0897165
6.43633	0.0905896
6.43957	0.0916951
6.4518	0.0925568
6.45475	0.0936635
6.45806	0.0947583
6.46112	0.0958581
6.46403	0.0969598
6.46703	0.0980575
6.46995	0.0991553
6.47634	0.100151
6.47924	0.101245
6.48824	0.102158
6.49125	0.103243
6.49753	0.104229
6.50047	0.105311
6.50341	0.106392
6.5067	0.107461
6.5096	0.108539
6.51609	0.109503
6.52225	0.110475
6.53775	0.111149
6.54085	0.112208
6.54406	0.113262
6.54735	0.114312
6.55043	0.115366
6.55635	0.116326
6.5593	0.11738
6.57453	0.118026
6.58969	0.118669
6.59636	0.119588
6.5997	0.120615
6.61207	0.121335
6.61535	0.122358
6.61833	0.123389
6.62433	0.124315
6.62733	0.125342
6.63062	0.126356
6.63379	0.127373
6.63671	0.128397
6.6426	0.129314
6.64589	0.130321
6.64924	0.131324
6.65504	0.132236
6.65818	0.133242
6.66117	0.134252
6.66745	0.135139
6.6737	0.136024
6.68601	0.136681
6.69553	0.137438
6.69849	0.138435
6.70801	0.139184
6.71121	0.140168
6.71747	0.141034
6.72391	0.14189
6.73362	0.142618
6.73655	0.143602
6.74885	0.144223
6.7518	0.145202
6.76076	0.145945
6.76662	0.146805
6.77329	0.147631
6.77929	0.148481
6.78581	0.149307
6.79166	0.150157
6.79464	0.151118
6.7979	0.152067
6.80107	0.153018
6.81057	0.153711
6.81365	0.154661
6.82571	0.155244
6.82887	0.156186
6.83205	0.157125
6.83807	0.157946
6.84424	0.158758
6.86903	0.158799
6.87488	0.159617
6.88754	0.160151
6.89045	0.161084
6.90584	0.161498
6.90905	0.162413
6.91196	0.163339
6.93352	0.163485
6.93649	0.164402
6.93964	0.165311
6.9432	0.1662
6.95519	0.166732
6.95839	0.167632
6.9645	0.168406
6.98994	0.16836
6.99613	0.169124
7.00277	0.169866
7.00568	0.170766
7.00858	0.171664
7.01455	0.172429
7.01779	0.173309
7.02392	0.174063
7.03032	0.174803
7.04299	0.175268
7.04976	0.175987
7.05892	0.176599
7.06522	0.177333
7.06847	0.178198
7.08373	0.178535
7.08691	0.179398
7.09308	0.180128
7.10528	0.180591
7.11736	0.181056
7.12044	0.181915
7.13608	0.182217
7.13897	0.183079
7.14494	0.183804
7.15428	0.184377
7.15727	0.185229
7.16053	0.186069
7.17046	0.186608
7.17341	0.187457
7.18254	0.188027
7.18578	0.18886
7.19207	0.189554
7.1952	0.190389
7.19871	0.191205
7.20185	0.192037
7.21373	0.192468
7.21663	0.193307
7.21999	0.194124
7.2298	0.194642
7.2327	0.195476
7.23568	0.196306
7.25436	0.196406
7.26074	0.197074
7.27574	0.19734
7.27898	0.198148
7.28795	0.198689
7.29101	0.199502
7.29426	0.200305
7.30395	0.200805
7.30985	0.201481
7.31299	0.202284
7.31599	0.203092
7.32228	0.203744
7.32535	0.204547
7.33121	0.205216
7.33783	0.205846
7.34139	0.206621
7.34431	0.207425
7.35364	0.207922
7.35671	0.208715
7.35962	0.209516
7.36254	0.210314
7.36579	0.211096
7.36902	0.211877
7.37204	0.212668
7.37507	0.213456
7.37816	0.214241
7.38118	0.215029
7.38437	0.215807
7.38729	0.216596
7.39058	0.217367
7.39383	0.218139
7.39689	0.218918
7.40298	0.219546
7.41524	0.219864
7.41814	0.220647
7.42117	0.221422
7.43037	0.221886
7.43686	0.222485
7.44287	0.223106
7.44641	0.22385
7.45289	0.224444
7.45918	0.225046
7.46562	0.225638
7.46855	0.226407
7.47149	0.227174
7.47734	0.227792
7.48046	0.228548
7.48391	0.229286
7.4901	0.229882
7.49313	0.230638
7.51446	0.230456
7.51739	0.231213
7.5235	0.231806
7.52659	0.232553
7.53581	0.232983
7.54517	0.233405
7.55116	0.233997
7.56076	0.234403
7.56369	0.23515
7.5667	0.235892
7.56973	0.236632
7.58506	0.236734
7.59414	0.237158
7.60007	0.237742
7.61258	0.237986
7.62153	0.238411
7.63091	0.238813
7.64005	0.239225
7.64617	0.239791
7.64925	0.240514
7.6614	0.240765
7.66444	0.241487
7.67344	0.241898
7.67979	0.242445
7.68272	0.243168
7.68911	0.24371
7.69259	0.244403
7.69894	0.244944
7.70211	0.24565
7.71495	0.24585
7.71789	0.246565
7.72088	0.247276
7.72426	0.247966
7.73717	0.248155
7.74021	0.24886
7.74344	0.249554
7.74647	0.250258
7.75275	0.250789
7.75893	0.251324
7.76195	0.252024
7.77779	0.252046
7.7809	0.252739
7.78701	0.253272
7.79323	0.253798
7.79647	0.254481
7.80861	0.25469
7.81503	0.255201
7.82729	0.255401
7.8303	0.25609
7.83334	0.256776
7.84003	0.257268
7.84326	0.257942
7.84621	0.25863
7.84913	0.259319
7.85202	0.260009
7.85518	0.260683
7.87383	0.260526
7.87681	0.261207
7.88289	0.261721
7.88882	0.262241
7.89183	0.262917
7.89809	0.263417
7.91334	0.263433
7.91988	0.263916
7.92586	0.264426
7.92904	0.265087
7.93504	0.265595
7.94126	0.266089
7.96288	0.265755
7.96891	0.266257
7.97208	0.266911
7.97807	0.267413
7.98399	0.267917
7.99685	0.268047
8.00031	0.268681
8.01915	0.268488
8.02514	0.268983
8.02806	0.269642
8.03767	0.269941
8.04072	0.27059
8.04419	0.271216
8.05037	0.271695
8.05634	0.272184
8.05946	0.272826
8.07131	0.272996
8.08695	0.272962
8.08987	0.27361
8.0928	0.274257
8.10815	0.274235
8.11411	0.274716
8.12714	0.274817
8.13672	0.275101
8.13992	0.275727
8.14301	0.276358
8.15223	0.276659
8.16441	0.276799
8.18238	0.276629
8.18557	0.277249
8.18851	0.277882
8.19439	0.278356
8.19746	0.278979
8.20423	0.279404
8.20729	0.280026
8.21336	0.280486
8.21932	0.28095
8.22226	0.281576
8.22823	0.282038
8.23123	0.28266
8.23745	0.283105
8.24081	0.283706
8.25262	0.283848
8.25559	0.284466
8.2685	0.284547
8.27738	0.284845
8.28039	0.285458
8.28344	0.286068
8.28964	0.286507
8.29843	0.286805
8.30137	0.287419
8.30726	0.287871
8.31039	0.288473
8.31645	0.288915
8.32253	0.289354
8.32848	0.2898
8.34426	0.28971
8.3473	0.290312
8.35096	0.290879
8.35696	0.291318
8.36679	0.291547
8.37023	0.292123
8.37973	0.292368
8.39234	0.292444
8.3984	0.292875
8.42332	0.292285
8.43838	0.292228
8.4413	0.292824
8.44429	0.293416
8.45326	0.293684
8.46244	0.293941
8.46589	0.294504
8.46931	0.295069
8.47516	0.295502
8.48143	0.295911
8.4875	0.29633
8.49995	0.296404
8.50309	0.296979
8.5129	0.297194
8.5222	0.297435
8.52511	0.29802
8.53751	0.298092
8.54068	0.298661
8.54359	0.299243
8.54662	0.299818
8.56203	0.299724
8.56523	0.300288
8.57153	0.300683
8.57463	0.301251
8.57781	0.301813
8.58093	0.302378
8.58699	0.302783
8.59018	0.303343
8.59331	0.303906
8.59989	0.30428
8.60312	0.304836
8.61245	0.305059
8.637	0.304457
8.65262	0.30434
8.66786	0.304244
8.67079	0.30481
8.68024	0.305023
8.68624	0.305422
8.68918	0.305984
8.69225	0.306539
8.69811	0.306943
8.7012	0.307495
8.70741	0.307878
8.71056	0.308425
8.72285	0.308478
8.73524	0.308526
8.73822	0.30908
8.74129	0.309628
8.74435	0.310176
8.75025	0.31057
8.75316	0.311125
8.76322	0.311293
8.76932	0.311673
8.78451	0.311563
8.79376	0.311773
8.79983	0.312152
8.80305	0.312685
8.80608	0.313228
8.809	0.313775
8.82436	0.313651
8.83024	0.314037
8.83325	0.314577
8.84242	0.314785
8.84562	0.315313
8.8488	0.315842
8.85173	0.316383
8.85473	0.316921
8.86054	0.317306
8.86361	0.317839
8.87304	0.318025
8.88264	0.318203
8.89191	0.318397
8.91907	0.317628
8.92222	0.318151
8.92524	0.31868
8.93108	0.319057
8.93439	0.319569
8.94039	0.319936
8.94634	0.320305
8.95585	0.320481
8.96523	0.320663
8.97105	0.321037
8.97418	0.321554
8.97758	0.322057
8.98739	0.322213
8.9904	0.322735
8.99353	0.32325
8.99666	0.323764
8.99956	0.32429
9.00308	0.324782
9.01258	0.324951
9.01572	0.325462
9.019	0.325965
9.02191	0.326488
9.03452	0.326484
9.03758	0.326997
9.04068	0.327508
9.04383	0.328015
9.0468	0.328531
9.05314	0.328863
9.05915	0.329213
9.06562	0.329537
9.0689	0.330034
9.07197	0.330542
9.07501	0.331051
9.08425	0.331221
9.08782	0.3317
9.10279	0.331557
9.10601	0.332053
9.1122	0.332387
9.12414	0.332408
9.13029	0.332742
9.13661	0.333067
9.1426	0.333409
9.14573	0.333906
9.15205	0.334229
9.15517	0.334725
9.16415	0.334901
9.18244	0.334573
9.19203	0.334717
9.19503	0.335216
9.20747	0.335204
9.21344	0.335541
9.21644	0.336038
9.22236	0.336376
9.22533	0.336874
9.23758	0.336869
9.24077	0.337353
9.25655	0.337157
9.2627	0.33748
9.27514	0.337464
9.28437	0.33762
9.30026	0.337418
9.30319	0.337912
9.3061	0.338405
9.30918	0.338889
9.31232	0.33937
9.31843	0.33969
9.3323	0.339592
9.3385	0.339906
9.34165	0.340383
9.34467	0.340867
9.35395	0.341014
9.3569	0.3415
9.36021	0.341966
9.36315	0.342452
9.36607	0.342938
9.36913	0.343416
9.40772	0.341987
9.41124	0.342439
9.41421	0.342919
9.42311	0.343081
9.42919	0.343394
9.4321	0.343875
9.4564	0.343216
9.46293	0.343503
9.46602	0.343972
9.47196	0.344289
9.48417	0.344272
9.49002	0.344593
9.49632	0.34489
9.49964	0.345343
9.50855	0.3455
9.51456	0.34581
9.5234	0.345969
9.52674	0.34642
9.52964	0.346893
9.53583	0.347192
9.53885	0.347657
9.54203	0.348115
9.54821	0.348412
9.55421	0.348718
9.56099	0.348981
9.56414	0.349438
9.57046	0.349725
9.58018	0.349831
9.58625	0.350131
9.59576	0.350247
9.61118	0.350049
9.61411	0.350513
9.61702	0.350978
9.62636	0.351102
9.63889	0.351057
9.64497	0.351351
9.64796	0.35181
9.65089	0.352271
9.66274	0.352259
9.66574	0.352715
9.68395	0.352366
9.68704	0.352816
9.69017	0.353263
9.69645	0.353544
9.70254	0.353834
9.71483	0.353796
9.72387	0.353929
9.7269	0.354379
9.72992	0.354829
9.73316	0.355266
9.73929	0.355551
9.74237	0.355996
9.75146	0.356123
9.75767	0.356402
9.76075	0.356845
9.76736	0.357102
9.77048	0.357543
9.77347	0.35799
9.7767	0.358423
9.77964	0.358872
9.78618	0.35913
9.78982	0.359541
9.79276	0.359988
9.79871	0.360276
9.80489	0.36055
9.80787	0.360994
9.81387	0.361277
9.81984	0.361561
9.82274	0.362008
9.83171	0.362133
9.83482	0.362567
9.8381	0.362992
9.84113	0.36343
9.84412	0.36387
9.85315	0.363988
9.85914	0.364267
9.86509	0.364548
9.86863	0.364956
9.87831	0.365038
9.89399	0.364802
9.91036	0.364531
9.91374	0.364945
9.91693	0.365369
9.91991	0.365804
9.92293	0.366236
9.92596	0.366667
9.93857	0.366591
9.94165	0.367018
9.94489	0.367437
9.9479	0.367867
9.96012	0.36781
9.96654	0.368059
9.96953	0.368489
9.97551	0.36876
9.97845	0.369192
9.98441	0.369463
10.0058	0.368922
10.0117	0.369195
10.0147	0.369618
10.0179	0.370035
10.021	0.370456
10.0302	0.370551
10.0332	0.370976
10.0545	0.370438
10.0574	0.370864
10.0632	0.37114
10.0723	0.371244
10.0782	0.37151
10.0843	0.371768
10.0873	0.372193
10.0902	0.372617
10.0932	0.373037
10.0993	0.37329
10.1025	0.3737
10.1059	0.374097
10.112	0.374354
10.1212	0.374443
10.1278	0.374673
10.131	0.375081
10.1339	0.3755
10.1371	0.375907
10.14	0.376327
10.1461	0.376581
10.1526	0.376811
10.1556	0.377223
10.1586	0.37764
10.1645	0.377901
10.1676	0.378309
10.1708	0.37871
10.1768	0.378961
10.1919	0.37874
10.198	0.378983
10.2016	0.379365
10.2147	0.379246
10.2178	0.379649
10.2209	0.380055
10.2238	0.380464
10.2271	0.380859
10.2303	0.38126
10.2332	0.381672
10.2362	0.382079
10.2391	0.382491
10.2422	0.382892
10.2454	0.38329
10.252	0.383504
10.2551	0.383906
10.2582	0.384306
10.2614	0.384703
10.2644	0.385107
10.2673	0.385515
10.2738	0.385734
10.2771	0.386125
10.2802	0.386521
10.2865	0.386752
10.29	0.387124
10.2962	0.387357
10.2992	0.387758
10.3052	0.388005
10.3082	0.388403
10.3112	0.388805
10.3141	0.389209
10.3229	0.389302
10.3358	0.389177
10.3389	0.389567
10.342	0.389965
10.3449	0.390368
10.3479	0.390766
10.3509	0.391163
10.3572	0.391381
10.3637	0.391594
10.3666	0.391994
10.3696	0.392395
10.3726	0.39279
10.3818	0.392855
10.3849	0.393243
10.3911	0.39347
10.3946	0.393837
10.3976	0.394228
10.4036	0.394465
10.4065	0.39486
10.4099	0.395236
10.4131	0.395616
10.4163	0.395997
10.4194	0.396384
10.4225	0.396771
10.4286	0.396993
10.4316	0.397389
10.4346	0.397778
10.4477	0.397626
10.4599	0.397525
10.4633	0.397891
10.4663	0.398285
10.4758	0.398322
10.4847	0.398397
10.4878	0.39878
10.4907	0.39917
10.4969	0.399388
10.5031	0.399603
10.506	0.399994
10.5161	0.400002
10.5251	0.400071
10.537	0.39998
10.5467	0.40001
10.5526	0.400241
10.5555	0.400626
10.5586	0.401008
10.5679	0.401053
10.5868	0.400595
10.609	0.399964
10.612	0.400344
10.6246	0.40022
10.6275	0.400604
10.6336	0.40082
10.6399	0.401027
10.6493	0.401067
10.6523	0.401448
10.6585	0.40166
10.6776	0.401193
10.6866	0.401257
10.6896	0.401629
10.6956	0.40185
10.7017	0.402065
10.7076	0.402285
10.7106	0.402662
10.7138	0.403028
10.7167	0.403406
10.7196	0.403785
10.7288	0.403834
10.7376	0.403904
10.7436	0.40412
10.7525	0.404183
10.7618	0.40423
10.7648	0.404601
10.768	0.40496
10.7709	0.405335
10.7738	0.405709
10.7768	0.406081
10.7862	0.406116
10.7927	0.406302
10.7956	0.406676
10.8045	0.406738
10.8137	0.406785
10.8256	0.406689
10.8317	0.406894
10.8406	0.406955
10.8437	0.40732
10.8466	0.407688
10.8496	0.408054
10.8529	0.408408
10.8591	0.408603
10.8663	0.408752
10.8693	0.409117
10.8785	0.409156
10.8815	0.409524
10.8902	0.409592
10.8932	0.409953
10.9121	0.409491
10.9184	0.409684
10.9244	0.409887
10.9276	0.410239
10.9306	0.4106
10.9336	0.410963
10.9366	0.411323
10.9397	0.411677
10.9426	0.412042
10.9456	0.412404
10.9519	0.412594
10.9551	0.412939
10.9682	0.412777
10.9713	0.41313
10.9775	0.413325
10.9804	0.413683
10.9834	0.414043
10.9863	0.414404
10.9927	0.414585
11.0081	0.414299
11.0112	0.414652
11.0173	0.414845
11.0204	0.415195
11.0458	0.414395
11.0549	0.414435
11.0581	0.414778
11.0613	0.415125
11.0644	0.415473
11.0707	0.415653
11.0798	0.415693
11.0827	0.41605
11.0988	0.415732
11.1142	0.415444
11.1201	0.415648
11.1261	0.415845
11.144	0.415436
11.147	0.415782
11.1531	0.415975
11.1652	0.415858
11.1777	0.415728
11.1836	0.415926
11.2013	0.415526
11.2137	0.415398
11.2167	0.415744
11.2293	0.415608
11.2326	0.415937
11.2391	0.416109
11.248	0.416156
11.2511	0.416495
11.2545	0.416821
11.2575	0.417163
11.2637	0.417347
11.2702	0.417515
11.2762	0.417708
11.2827	0.417875
11.2893	0.418034
11.2955	0.418216
11.2984	0.418561
11.305	0.418726
11.3079	0.419073
11.3138	0.419267
11.3171	0.419591
11.332	0.419335
11.3383	0.419507
11.3442	0.419701
11.3472	0.420042
11.3502	0.420384
11.3535	0.420706
11.3566	0.421041
11.3753	0.420591
11.3963	0.420027
11.4081	0.41992
11.4111	0.420258
11.4143	0.420585
11.4174	0.420921
11.4264	0.420957
11.4326	0.421133
11.4393	0.421284
11.4422	0.421624
11.4451	0.421962
11.448	0.422301
11.4542	0.422477
11.4573	0.422806
11.4606	0.423128
11.4665	0.423315
11.4695	0.423649
11.4792	0.423646
11.4885	0.423666
11.4918	0.423985
11.4948	0.424316
11.4978	0.424649
11.501	0.424972
11.504	0.425303
11.5071	0.425631
11.5134	0.425794
11.5195	0.425971
11.5226	0.426298
11.5381	0.426
11.5478	0.425996
11.554	0.426169
11.5667	0.426015
11.5758	0.426038
11.5793	0.426343
11.5823	0.426673
11.5852	0.427006
11.5915	0.42717
11.5974	0.427353
11.6037	0.427516
11.6068	0.427834
11.6099	0.428157
11.6129	0.428485
11.619	0.428656
11.6219	0.428986
11.6284	0.42914
11.6319	0.429439
11.6348	0.429768
11.6496	0.42951
11.6527	0.429827
11.6628	0.4298
11.6658	0.430122
11.6688	0.430449
11.6781	0.430458
11.6844	0.430619
11.6939	0.430619
11.6973	0.430918
11.7035	0.431085
11.7064	0.431411
11.7094	0.43173
11.7124	0.432054
11.7153	0.43238
11.7184	0.432696
11.7245	0.432862
11.7309	0.433015
11.7401	0.433027
11.7494	0.433033
11.7584	0.433061
11.7613	0.433381
11.7644	0.433697
11.7674	0.434014
11.7705	0.43433
11.7766	0.434496
11.7795	0.434816
11.7829	0.435114
11.786	0.43543
11.7956	0.43542
11.7985	0.435741
11.8014	0.436061
11.8105	0.436075
11.8166	0.436237
11.8198	0.436545
11.8259	0.436708
11.8442	0.436267
11.8503	0.436431
11.8622	0.436306
11.8654	0.436612
11.8687	0.436908
11.8777	0.436926
11.8807	0.43724
11.8837	0.437554
11.8869	0.437857
11.8929	0.438023
11.8962	0.438321
11.8992	0.438633
11.9024	0.438937
11.9086	0.439092
11.912	0.439385
11.9247	0.439217
11.9309	0.439372
11.9338	0.439687
11.9369	0.439993
11.94	0.440295
11.9465	0.440436
11.9495	0.440745
11.9708	0.440157
11.9829	0.440016
11.9865	0.440297
11.9895	0.440604
11.9926	0.440912
11.9958	0.44121
12.0078	0.441075
12.0113	0.44136
12.0173	0.44152
12.0203	0.441826
12.0292	0.441843
12.0323	0.442145
12.0383	0.442306
12.0477	0.442298
12.058	0.442251
12.0613	0.442541
12.0645	0.442834
12.0674	0.443145
12.0706	0.443441
12.0736	0.443744
12.0765	0.444052
12.0798	0.444346
12.0827	0.444655
12.0862	0.444932
12.1049	0.444468
12.1079	0.444772
12.1205	0.444608
12.1268	0.444749
12.1389	0.444607
12.1418	0.444913
12.1481	0.445059
12.1572	0.44506
12.167	0.445032
12.1763	0.445029
12.1796	0.445313
12.1829	0.445602
12.186	0.445897
12.1889	0.446202
12.195	0.44635
12.1984	0.446629
12.2014	0.446931
12.2045	0.447223
12.2078	0.447511
12.211	0.4478
12.2173	0.447938
12.2208	0.448213
12.2237	0.448516
12.2267	0.44881
12.236	0.448803
12.2487	0.448629
12.2518	0.448921
12.2548	0.449219
12.2579	0.449512
12.2669	0.449517
12.2698	0.449818
12.2728	0.450113
12.2788	0.450265
12.2819	0.450558
12.2848	0.450858
12.2907	0.451013
12.3001	0.450995
12.3031	0.451291
12.3062	0.451582
12.3092	0.451876
12.3154	0.452012
12.3221	0.45213
12.3251	0.452422
12.328	0.452718
12.3374	0.452704
12.3437	0.452835
12.3561	0.452672
12.3594	0.452951
12.3653	0.453104
12.3716	0.453237
12.3746	0.45353
12.381	0.453657
12.3902	0.453645
12.3934	0.453931
12.403	0.453901
12.4061	0.454189
12.412	0.454339
12.4154	0.454607
12.4335	0.454168
12.4366	0.454457
12.4395	0.454751
12.4455	0.454896
12.4517	0.455032
12.4547	0.455319
12.4579	0.455599
12.4608	0.455893
12.4639	0.456176
12.467	0.456459
12.4729	0.456603
12.4884	0.456293
12.4914	0.456578
12.4944	0.456867
12.4973	0.457158
12.5065	0.457146
12.5126	0.457283
12.5155	0.457574
12.5252	0.457537
12.5287	0.457798
12.5407	0.457654
12.5439	0.457927
12.5502	0.458054
12.5537	0.458317
12.563	0.458298
12.5695	0.458416
12.5758	0.458543
12.5787	0.458831
12.5879	0.458817
12.591	0.459095
12.6	0.459093
12.6166	0.458728
12.6229	0.458854
12.6291	0.458984
12.632	0.459269
12.6538	0.458658
12.6689	0.458365
12.6721	0.458638
12.678	0.458779
12.6845	0.458895
12.6876	0.459171
12.6908	0.459441
12.6941	0.459706
12.7064	0.459548
12.7124	0.459685
12.716	0.459935
12.719	0.460216
12.725	0.46035
12.7282	0.460624
12.731	0.460908
12.7343	0.461175
12.7409	0.461283
12.7438	0.461565
12.7498	0.461703
12.7527	0.461986
12.7684	0.461662
12.7811	0.461479
12.7843	0.461751
12.7937	0.461723
12.7999	0.461849
12.8059	0.461986
12.8178	0.461841
12.8299	0.461689
12.8331	0.461955
12.8482	0.461666
12.8577	0.461634
12.8607	0.461911
12.8697	0.461901
12.8758	0.462034
12.8789	0.462304
12.8819	0.462578
12.8848	0.462857
12.8878	0.463128
12.8971	0.463107
12.9003	0.463369
12.9185	0.462933
12.9217	0.4632
12.9248	0.463468
12.9279	0.463735
12.9369	0.463725
12.9463	0.463701
12.9495	0.463962
12.9526	0.464228
12.9556	0.464502
12.9585	0.464775
12.9617	0.465039
12.9676	0.465175
12.9736	0.465305
12.9858	0.465145
12.9977	0.465004
13.0006	0.465278
13.0066	0.465407
13.016	0.465379
13.019	0.465651
13.0279	0.465647
13.0438	0.465314
13.0468	0.465586
13.0498	0.465851
13.0561	0.465968
13.0686	0.465795
13.0747	0.465921
13.0871	0.465753
13.0961	0.465746
13.0996	0.465988
13.1026	0.466258
13.1153	0.466076
13.1274	0.465925
13.1304	0.46619
13.1397	0.466164
13.146	0.466281
13.1524	0.466391
13.1589	0.466495
13.1618	0.466765
13.1833	0.46618
13.1868	0.466425
13.1898	0.466687
13.1928	0.466952
13.1958	0.467218
13.2018	0.467345
13.2048	0.467609
13.2111	0.467719
13.2142	0.467978
13.2172	0.468242
13.2292	0.468092
13.2417	0.46792
13.2476	0.468053
13.2505	0.46832
13.2598	0.468292
13.2659	0.468416
13.269	0.468674
13.2719	0.46894
13.2783	0.469047
13.2877	0.469017
13.2969	0.468995
13.3061	0.468972
13.3092	0.46923
13.3124	0.469482
13.3154	0.46974
13.3185	0.469997
13.3245	0.470121
13.3274	0.470384
13.3307	0.470633
13.3336	0.470895
13.3368	0.471146
13.3494	0.470968
13.3524	0.471229
13.3648	0.471059
13.3683	0.471295
13.3712	0.471557
13.3744	0.471807
13.3872	0.47162
13.3902	0.47188
13.3936	0.472117
13.3967	0.47237
13.3998	0.472626
13.4031	0.472869
13.4061	0.473126
13.4219	0.472801
13.425	0.473054
13.4315	0.473152
13.4347	0.473398
13.4438	0.473379
13.4467	0.47364
13.4677	0.473079
13.4739	0.473192
13.4832	0.47316
13.4862	0.473416
13.4891	0.473675
13.4921	0.473934
13.5041	0.47378
13.51	0.473903
13.513	0.474158
13.5192	0.474269
13.5253	0.474384
13.532	0.474472
13.5412	0.474445
13.5444	0.474688
13.5476	0.474935
13.5507	0.475182
13.5538	0.475431
13.557	0.475676
13.5599	0.475933
13.5662	0.476036
13.5815	0.475736
13.5844	0.475993
13.5874	0.476241
13.5904	0.476496
13.5965	0.476609
13.5994	0.476862
13.6025	0.477109
13.6088	0.477214
13.6245	0.476894
13.6275	0.477142
13.6336	0.477256
13.6427	0.477233
13.6457	0.477482
13.6519	0.477589
13.6549	0.477841
13.6612	0.47794
13.6642	0.478189
13.6704	0.478298
13.6734	0.478548
13.6764	0.478794
13.6795	0.479042
13.6914	0.478889
13.7067	0.478587
13.7279	0.478026
13.7346	0.478106
13.7378	0.478348
13.7443	0.478439
13.7473	0.478687
13.7504	0.478929
13.7533	0.479179
13.7624	0.479158
13.7684	0.479271
13.7776	0.479241
13.7899	0.479074
13.8055	0.47876
13.8122	0.478845
13.8151	0.479094
13.8182	0.479333
13.8243	0.479441
13.8273	0.47969
13.8335	0.479793
13.8518	0.479361
13.8547	0.479608
13.858	0.479842
13.861	0.480085
13.8641	0.480327
13.8768	0.480141
13.8866	0.480084
13.8928	0.480186
13.8959	0.480429
13.905	0.480403
13.9079	0.480648
13.9172	0.480616
13.9206	0.480842
13.9237	0.481079
13.9268	0.481318
13.9302	0.481542
13.9335	0.481771
13.9365	0.482016
13.9396	0.482253
13.9426	0.482494
13.9526	0.482428
13.9677	0.482139
13.9803	0.481955
13.9833	0.482197
13.9863	0.482439
13.9896	0.482668
13.9928	0.482898
13.9989	0.483006
14.0018	0.483247
14.0084	0.483331
14.0116	0.483564
14.0145	0.483808
14.0205	0.483914
14.0235	0.484156
14.0265	0.484396
14.0356	0.484369
14.0386	0.484608
14.0416	0.484847
14.0575	0.48452
14.0674	0.484457
14.0704	0.484695
14.0734	0.484931
14.0765	0.485165
14.08	0.485383
14.0831	0.485618
14.0862	0.485851
14.0922	0.485957
14.1049	0.485771
14.1111	0.485868
14.1171	0.485973
14.1263	0.485939
14.1293	0.486177
14.1327	0.486397
14.1479	0.4861
14.1509	0.486339
14.1627	0.486191
14.1658	0.486421
14.1688	0.486659
14.1749	0.486759
14.1812	0.48685
14.1843	0.487082
14.1995	0.486787
14.2054	0.486898
14.2179	0.48672
14.2331	0.486423
14.2364	0.486647
14.2396	0.486871
14.2429	0.487096
14.2525	0.487042
14.2555	0.487276
14.2645	0.487251
14.2704	0.487359
14.2763	0.487468
14.2823	0.487571
14.2945	0.487406
14.3009	0.487495
14.3038	0.487732
14.3069	0.487962
14.3102	0.488179
14.3133	0.488409
14.3167	0.488623
14.3197	0.488854
14.3289	0.488819
14.3382	0.48878
14.3573	0.488318
14.3604	0.488545
14.3637	0.488766
14.3731	0.488721
14.3761	0.488952
14.3792	0.489179
14.3882	0.489153
14.3914	0.489374
14.3977	0.489463
14.4007	0.489693
14.4098	0.489662
14.4128	0.48989
14.416	0.490115
14.4191	0.49034
14.422	0.490572
14.437	0.490287
14.4403	0.490507
14.4433	0.490734
14.4499	0.490809
14.4528	0.491042
14.4651	0.490874
14.4681	0.491102
14.4743	0.491194
14.4773	0.491422
14.4833	0.491522
14.4981	0.491247
14.5041	0.491347
14.5105	0.491426
14.5167	0.49152
14.5197	0.491744
14.5288	0.491714
14.5318	0.491943
14.535	0.492159
14.5383	0.492373
14.5414	0.492596
14.5443	0.492826
14.5472	0.493057
14.5533	0.493154
14.5594	0.493247
14.5625	0.493468
14.5691	0.493542
14.5722	0.493765
14.5753	0.493983
14.5783	0.49421
14.5812	0.494439
14.5902	0.494411
14.5933	0.494632
14.609	0.494315
14.6148	0.49442
14.6275	0.49423
14.6339	0.494314
14.6404	0.494389
14.6589	0.493955
14.6619	0.494177
14.6687	0.494243
14.6746	0.494345
14.6775	0.494572
14.6807	0.494787
14.684	0.495
14.6871	0.495215
14.6901	0.495442
14.7017	0.495298
14.7047	0.495521
14.7136	0.495495
14.7168	0.495708
14.7204	0.495908
14.7233	0.496131
14.7357	0.495957
14.7421	0.496038
14.7454	0.496247
14.7514	0.49634
14.7636	0.496174
14.7763	0.495985
14.7824	0.49608
14.7855	0.496295
14.7887	0.496506
14.7917	0.49673
14.7975	0.49683
14.8005	0.497052
14.8036	0.49727
14.8069	0.497477
14.8098	0.497701
14.8128	0.49792
14.8158	0.498143
14.8187	0.498366
14.8217	0.498586
14.828	0.498668
14.8314	0.49887
14.8345	0.499086
14.8436	0.499049
14.8496	0.499141
14.8525	0.499363
14.8558	0.499569
14.8679	0.499405
14.8741	0.49949
14.8802	0.499582
14.8863	0.499666
14.8927	0.499741
14.899	0.499824
14.905	0.499914
14.9112	0.499998
14.9172	0.50009
14.9238	0.500157
14.9269	0.50037
14.9359	0.500337
14.9388	0.500556
14.9418	0.500774
14.954	0.500607
14.957	0.500823
14.9663	0.500779
14.9692	0.500996
14.9757	0.501068
14.9909	0.500774
14.9971	0.500856
