1	2.01602	0.00403143
1	2.01899	0.00803937
1	2.02229	0.0120201
1	2.02558	0.0159754
1	2.0288	0.0199067
1	2.03197	0.0238148
1	2.03546	0.02769
1	2.03908	0.0315356
1	2.04233	0.0353668
1	2.04538	0.0391818
1	2.04837	0.0429773
1	2.05216	0.0467154
1	2.05554	0.0504462
1	2.05862	0.0541684
1	2.06219	0.0578425
1	2.06547	0.0615088
1	2.06893	0.065142
1	2.072	0.0687759
1	2.07495	0.0723978
1	2.07806	0.0759886
1	2.08126	0.0795513
1	2.08452	0.0830891
1	2.08817	0.0865748
1	2.09164	0.0900516
1	2.09527	0.0934926
1	2.09839	0.0969562
1	2.10193	0.100362
1	2.10495	0.103795
1	2.10847	0.10716
1	2.11194	0.11051
1	2.11488	0.113892
1	2.11779	0.11726
1	2.12075	0.120605
1	2.12445	0.123851
1	2.12794	0.127099
1	2.13126	0.130347
1	2.1342	0.13362
1	2.13723	0.136866
1	2.14033	0.140086
1	2.14353	0.143276
1	2.14733	0.146371
1	2.15069	0.149504
1	2.15382	0.152647
1	2.1571	0.155756
1	2.16026	0.158861
1	2.16344	0.161947
1	2.16645	0.165041
1	2.16953	0.168109
1	2.17245	0.171183
1	2.17541	0.174237
1	2.17847	0.17726
1	2.18198	0.1802
1	2.18566	0.183094
1	2.18866	0.186079
1	2.19189	0.18901
1	2.19504	0.19194
1	2.19818	0.194855
1	2.20153	0.197722
1	2.20463	0.200612
1	2.20815	0.203419
1	2.21136	0.206261
1	2.21462	0.20908
1	2.21771	0.211913
1	2.22091	0.214713
1	2.2239	0.217534
1	2.22711	0.220303
1	2.23035	0.223052
1	2.23333	0.225834
1	2.23656	0.228558
1	2.23964	0.231294
1	2.24257	0.234044
1	2.24563	0.236758
1	2.24886	0.239425
1	2.25179	0.242137
1	2.25519	0.244743
1	2.25881	0.247294
1	2.26217	0.249882
1	2.26562	0.252436
1	2.26902	0.254987
1	2.2725	0.257508
1	2.27551	0.260113
1	2.27854	0.262699
1	2.28163	0.265262
1	2.28485	0.267785
1	2.28859	0.270186
1	2.29154	0.272741
1	2.29507	0.27516
1	2.29809	0.277677
1	2.30131	0.280136
1	2.30441	0.28261
1	2.30746	0.285084
1	2.31088	0.287465
1	2.31379	0.289945
1	2.31682	0.29239
1	2.32008	0.294769
1	2.32321	0.297168
1	2.32675	0.299463
1	2.33015	0.301777
1	2.33334	0.304127
1	2.33664	0.306441
1	2.34009	0.308708
1	2.34319	0.311046
1	2.3466	0.313298
1	2.34979	0.315592
1	2.35285	0.317907
1	2.35591	0.32021
1	2.35955	0.322365
1	2.36266	0.324635
1	2.36584	0.326879
1	2.36901	0.329115
1	2.37245	0.331274
1	2.37596	0.333404
1	2.37907	0.335623
1	2.38267	0.337713
1	2.38595	0.339868
1	2.389	0.34207
1	2.39222	0.34422
1	2.39514	0.346436
1	2.39825	0.348596
1	2.40148	0.350714
1	2.40488	0.352783
1	2.40833	0.354826
1	2.41174	0.356871
1	2.4147	0.35902
1	2.41796	0.361081
1	2.42134	0.363106
1	2.42479	0.3651
1	2.4278	0.367201
1	2.43082	0.369288
1	2.43438	0.371227
1	2.43763	0.373237
1	2.44068	0.375289
1	2.44364	0.377358
1	2.44654	0.379432
1	2.44961	0.381454
1	2.45269	0.383466
1	2.45611	0.385378
1	2.4591	0.387394
1	2.46255	0.389282
1	2.46591	0.391185
1	2.46932	0.393063
1	2.47237	0.395031
1	2.47543	0.396987
1	2.47841	0.398959
1	2.4816	0.400863
1	2.48451	0.402837
1	2.48777	0.404708
1	2.49077	0.406642
1	2.4939	0.408532
1	2.49695	0.410436
1	2.50067	0.412147
1	2.50391	0.413983
1	2.5071	0.415823
1	2.51046	0.417612
1	2.51378	0.4194
1	2.51721	0.421153
1	2.5203	0.422989
1	2.52393	0.42467
1	2.52698	0.426505
1	2.53014	0.428301
1	2.53333	0.430082
1	2.53699	0.431722
1	2.54044	0.433414
1	2.54339	0.435238
1	2.54658	0.436991
1	2.54968	0.438759
1	2.55267	0.440553
1	2.55606	0.442225
1	2.559	0.444017
1	2.56229	0.445704
1	2.56565	0.447366
1	2.56921	0.44896
1	2.57225	0.450697
1	2.57532	0.452418
1	2.57885	0.454
1	2.5819	0.455714
1	2.58497	0.457418
1	2.58808	0.459101
1	2.59125	0.46076
1	2.59439	0.462422
1	2.59735	0.464129
1	2.60061	0.465742
1	2.60368	0.467405
1	2.60742	0.468866
1	2.6105	0.470513
1	2.61396	0.472041
1	2.61686	0.473727
1	2.62059	0.475165
1	2.62361	0.476803
1	2.62673	0.478406
1	2.62984	0.480007
1	2.633	0.481589
1	2.63589	0.48324
1	2.63942	0.484698
1	2.64239	0.486316
1	2.64574	0.487815
1	2.64937	0.489225
1	2.65248	0.490782
1	2.65615	0.492167
1	2.65981	0.493552
1	2.66287	0.495106
1	2.66581	0.496691
1	2.66912	0.498159
1	2.67222	0.499685
1	2.67522	0.501236
1	2.67845	0.502713
1	2.68147	0.504245
1	2.68442	0.505794
1	2.68753	0.50729
1	2.69081	0.508728
1	2.69406	0.510167
1	2.6974	0.511578
1	2.70051	0.513052
1	2.7036	0.514526
1	2.70665	0.516004
1	2.70993	0.517412
1	2.71336	0.518765
1	2.71664	0.52016
1	2.71963	0.521637
1	2.72333	0.522895
1	2.72667	0.524257
1	2.73006	0.525595
1	2.73337	0.526956
1	2.73661	0.528331
1	2.7402	0.529595
1	2.74374	0.530868
1	2.74715	0.532176
1	2.75012	0.533615
1	2.75302	0.535066
1	2.75601	0.536488
1	2.75904	0.537894
1	2.76219	0.539256
1	2.76509	0.540691
1	2.76869	0.541907
1	2.77207	0.543183
1	2.77505	0.544579
1	2.77815	0.545935
1	2.78119	0.547303
1	2.78436	0.548625
1	2.78791	0.549827
1	2.79101	0.551162
1	2.79392	0.55255
1	2.7969	0.553913
1	2.80074	0.555009
1	2.80368	0.556374
1	2.80692	0.557642
1	2.80984	0.559006
1	2.81279	0.560357
1	2.81605	0.561605
1	2.81938	0.562828
1	2.82265	0.564068
1	2.82578	0.565344
1	2.82883	0.566641
1	2.83174	0.567975
1	2.83513	0.56916
1	2.8389	0.57022
1	2.8419	0.571514
1	2.84543	0.57264
1	2.84888	0.573787
1	2.85206	0.575013
1	2.85529	0.57622
1	2.85845	0.577444
1	2.8615	0.578698
1	2.86473	0.579893
1	2.86779	0.581137
1	2.87092	0.582354
1	2.87464	0.583384
1	2.87761	0.584642
1	2.88108	0.585741
1	2.88461	0.586817
1	2.88759	0.588059
1	2.8906	0.589291
1	2.89355	0.590536
1	2.89677	0.591692
1	2.90043	0.592708
1	2.90367	0.593851
1	2.90707	0.594941
1	2.91059	0.595989
1	2.91392	0.597091
1	2.91689	0.598304
1	2.92032	0.599367
1	2.9233	0.600568
1	2.92692	0.601566
1	2.93034	0.60262
1	2.93378	0.603666
1	2.93699	0.604781
1	2.94065	0.605753
1	2.94389	0.606848
1	2.94691	0.608011
1	2.95016	0.6091
1	2.95325	0.610233
1	2.95638	0.61135
1	2.95973	0.612393
1	2.96272	0.613548
1	2.96633	0.614504
1	2.96929	0.615662
1	2.97221	0.616827
1	2.9755	0.617873
1	2.9789	0.618882
1	2.98203	0.61997
1	2.98517	0.621052
1	2.98827	0.622146
1	2.99189	0.623069
1	2.99497	0.624161
1	2.99854	0.625097
1	3.00155	0.626204
1	3.00444	0.627343
1	3.00748	0.628433
1	3.01064	0.629484
1	3.01374	0.630548
1	3.01683	0.631612
1	3.02023	0.632578
1	3.02342	0.633604
1	3.02652	0.634657
1	3.02972	0.635673
1	3.03263	0.636778
1	3.03616	0.637688
1	3.03926	0.638725
1	3.04267	0.639666
1	3.04606	0.640607
1	3.0492	0.641624
1	3.05238	0.642627
1	3.05572	0.643574
1	3.05888	0.644577
1	3.06196	0.645599
1	3.06495	0.646647
1	3.06825	0.647596
1	3.07115	0.648667
1	3.07458	0.64957
1	3.07771	0.650564
1	3.08085	0.651551
1	3.08388	0.652567
1	3.08682	0.653612
1	3.09025	0.654497
1	3.09319	0.655536
1	3.09624	0.656535
1	3.09989	0.657346
1	3.10314	0.658278
1	3.10614	0.659284
1	3.10944	0.660194
1	3.11298	0.661026
1	3.11682	0.661763
1	3.12034	0.662597
1	3.12352	0.663533
1	3.12684	0.664422
1	3.13012	0.665322
1	3.13305	0.66633
1	3.13633	0.667224
1	3.13999	0.667997
1	3.14339	0.668846
1	3.14687	0.669671
1	3.1498	0.670664
1	3.15304	0.671557
1	3.15658	0.672355
1	3.15966	0.673291
1	3.16258	0.674276
1	3.16562	0.67522
1	3.16855	0.676198
1	3.17151	0.677162
1	3.17443	0.678137
1	3.17763	0.67902
1	3.18128	0.679763
1	3.18476	0.680555
1	3.1877	0.681512
1	3.19121	0.68229
1	3.19437	0.683174
1	3.19761	0.68403
1	3.2006	0.684961
1	3.20391	0.685793
1	3.20683	0.686741
1	3.2098	0.687671
1	3.21343	0.688393
1	3.21665	0.689241
1	3.22006	0.690028
1	3.22316	0.690909
1	3.22672	0.691643
1	3.22973	0.692547
1	3.23268	0.693468
1	3.23566	0.694375
1	3.23919	0.69511
1	3.24224	0.69599
1	3.2458	0.69671
1	3.24903	0.697531
1	3.25245	0.698292
1	3.25566	0.699112
1	3.25929	0.699802
1	3.26222	0.700707
1	3.26515	0.701608
1	3.26861	0.702344
1	3.27189	0.703134
1	3.27537	0.703857
1	3.27881	0.704592
1	3.28189	0.705437
1	3.28514	0.706226
1	3.28844	0.706996
1	3.29179	0.70775
1	3.29528	0.708458
1	3.29831	0.709308
1	3.30146	0.710116
1	3.30442	0.710982
1	3.30774	0.711734
1	3.31116	0.712453
1	3.31449	0.713197
1	3.31799	0.713886
1	3.32131	0.714631
1	3.32498	0.715265
1	3.32828	0.716011
1	3.33161	0.716745
1	3.33467	0.71756
1	3.33823	0.718218
1	3.3412	0.719058
1	3.34433	0.719844
1	3.34783	0.720515
1	3.35103	0.721276
1	3.35406	0.722088
1	3.35698	0.722932
1	3.36013	0.723703
1	3.36393	0.724271
1	3.36739	0.724943
1	3.37096	0.725578
1	3.37389	0.726409
1	3.37704	0.72717
1	3.3805	0.727834
1	3.38366	0.728588
1	3.38729	0.729194
1	3.39019	0.730025
1	3.39376	0.730645
1	3.39723	0.731298
1	3.40077	0.731926
1	3.40419	0.732588
1	3.40747	0.733289
1	3.41065	0.734021
1	3.41413	0.734663
1	3.41721	0.735421
1	3.42053	0.736102
1	3.42359	0.736863
1	3.42663	0.737628
1	3.43037	0.738178
1	3.43364	0.73887
1	3.43711	0.739497
1	3.44034	0.7402
1	3.44384	0.740814
1	3.44679	0.741596
1	3.44997	0.742304
1	3.45292	0.743081
1	3.45636	0.743708
1	3.45968	0.744369
1	3.46296	0.745041
1	3.46606	0.745767
1	3.46953	0.746376
1	3.47283	0.747037
1	3.47606	0.747716
1	3.47938	0.748367
1	3.48276	0.748999
1	3.4861	0.749641
1	3.48919	0.750356
1	3.4925	0.751003
1	3.49581	0.751647
1	3.49883	0.752376
1	3.50187	0.753101
1	3.50488	0.75383
1	3.50798	0.754532
1	3.51149	0.755108
1	3.51443	0.755856
1	3.51779	0.756472
1	3.52127	0.757055
1	3.52428	0.757772
1	3.52793	0.7583
1	3.53138	0.758884
1	3.53439	0.759598
1	3.53739	0.760314
1	3.54072	0.760932
1	3.54392	0.761583
1	3.5471	0.762242
1	3.55016	0.762933
1	3.55381	0.763446
1	3.55745	0.76396
1	3.56079	0.764564
1	3.5645	0.765055
1	3.56779	0.765669
1	3.57123	0.766238
1	3.57463	0.766819
1	3.57812	0.767367
1	3.58105	0.768084
1	3.58431	0.768699
1	3.58756	0.769317
1	3.59084	0.769926
1	3.59434	0.770465
1	3.59758	0.77108
1	3.60073	0.771721
1	3.60363	0.772436
1	3.60691	0.773035
1	3.61065	0.773495
1	3.61409	0.774046
1	3.61762	0.774565
1	3.62101	0.775127
1	3.62391	0.775831
1	3.62736	0.776371
1	3.63043	0.777022
1	3.63398	0.777531
1	3.63738	0.77808
1	3.6404	0.778743
1	3.64351	0.779376
1	3.64651	0.78004
1	3.65006	0.780542
1	3.65341	0.7811
1	3.65654	0.781721
1	3.65948	0.782398
1	3.66244	0.783066
1	3.66556	0.783684
1	3.6693	0.784122
1	3.67274	0.784644
1	3.6758	0.785279
1	3.67888	0.785903
1	3.68192	0.786541
1	3.68505	0.787151
1	3.6883	0.787722
1	3.69125	0.788381
1	3.69424	0.789024
1	3.69734	0.789638
1	3.70068	0.790176
1	3.70376	0.790791
1	3.70668	0.791452
1	3.71218	0.791359
1	3.71514	0.792004
1	3.71842	0.792554
1	3.72154	0.79315
1	3.72511	0.793614
1	3.7281	0.794246
1	3.73104	0.794892
1	3.73413	0.79549
1	3.73773	0.79594
1	3.74154	0.796329
1	3.74496	0.79683
1	3.74787	0.797475
1	3.75098	0.798064
1	3.75396	0.798687
1	3.75699	0.799295
1	3.76	0.799907
1	3.76364	0.800336
1	3.76686	0.800885
1	3.76976	0.801526
1	3.77285	0.802108
1	3.77602	0.802668
1	3.77968	0.803086
1	3.78296	0.803611
1	3.78604	0.804192
1	3.7893	0.804722
1	3.7923	0.805324
1	3.79586	0.805762
1	3.79906	0.806305
1	3.8022	0.806863
1	3.80539	0.807404
1	3.80835	0.808012
1	3.8117	0.808506
1	3.81472	0.809094
1	3.81785	0.809649
1	3.82078	0.810261
1	3.82395	0.810801
1	3.82708	0.811352
1	3.8304	0.811849
1	3.83361	0.812374
1	3.83702	0.812841
1	3.84078	0.813208
1	3.84383	0.813775
1	3.84675	0.81438
1	3.8501	0.814859
1	3.8533	0.815382
1	3.85696	0.815771
1	3.85991	0.816362
1	3.86306	0.816893
1	3.86623	0.817418
1	3.86951	0.817912
1	3.87265	0.818444
1	3.87601	0.818913
1	3.87949	0.819344
1	3.88295	0.819783
1	3.88636	0.820234
1	3.88936	0.820799
1	3.89232	0.821376
1	3.89548	0.821894
1	3.89887	0.822346
1	3.90245	0.822743
1	3.90593	0.823166
1	3.90961	0.823533
1	3.91301	0.823978
1	3.91591	0.824563
1	3.91899	0.825097
1	3.9222	0.825593
1	3.92549	0.826063
1	3.92839	0.826643
1	3.93151	0.827162
1	3.93454	0.827703
1	3.93762	0.828229
1	3.94068	0.828761
1	3.94362	0.829325
1	3.947	0.829764
1	3.95041	0.830192
1	3.95331	0.830764
1	3.95678	0.831174
1	3.96004	0.831642
1	3.96296	0.832205
1	3.96593	0.832753
1	3.96943	0.833152
1	3.97263	0.833632
1	3.97558	0.834182
1	3.97872	0.834679
1	3.98184	0.835177
1	3.98525	0.835597
1	3.98845	0.836071
1	3.99149	0.836591
1	3.9946	0.83709
1	3.99762	0.837613
1	4.00093	0.838056
1	4.00423	0.838498
1	4.00714	0.83905
1	4.01038	0.839507
1	4.01345	0.84001
1	4.01673	0.840455
1	4.02053	0.840754
1	4.02426	0.84107
1	4.02716	0.841618
1	4.03032	0.842091
1	4.03348	0.842564
1	4.03656	0.843059
1	4.03977	0.843515
1	4.04271	0.844049
1	4.04561	0.844589
1	4.04882	0.845044
1	4.05237	0.845403
1	4.05563	0.845841
1	4.05855	0.846372
1	4.06179	0.846815
1	4.06517	0.847217
1	4.06851	0.847629
1	4.07173	0.848074
1	4.0751	0.848476
1	4.07833	0.848916
1	4.08151	0.849371
1	4.0848	0.849793
1	4.08855	0.850086
1	4.09178	0.850522
1	4.09511	0.850931
1	4.09865	0.85128
1	4.10157	0.851801
1	4.10453	0.852308
1	4.10795	0.852688
1	4.111	0.853169
1	4.11448	0.85353
1	4.11788	0.853914
1	4.12077	0.854434
1	4.12393	0.854882
1	4.12702	0.855347
1	4.13059	0.85568
1	4.134	0.856057
1	4.13717	0.856497
1	4.14034	0.856936
1	4.14349	0.85738
1	4.14663	0.857828
1	4.14959	0.85832
1	4.15264	0.85879
1	4.15597	0.859182
1	4.1591	0.859627
1	4.16213	0.8601
1	4.16566	0.860433
1	4.16901	0.860815
1	4.17216	0.861254
1	4.17519	0.861722
1	4.17832	0.86216
1	4.18138	0.862619
1	4.18505	0.862912
1	4.1887	0.863207
1	4.19234	0.863508
1	4.19606	0.863784
1	4.19916	0.864228
1	4.20237	0.864639
1	4.20541	0.865097
1	4.20843	0.86556
1	4.21144	0.866023
1	4.21482	0.866388
1	4.21798	0.86681
1	4.22112	0.867236
1	4.22412	0.8677
1	4.22704	0.868183
1	4.23022	0.868597
1	4.2337	0.86893
1	4.23713	0.869273
1	4.24049	0.869635
1	4.24434	0.869867
1	4.24765	0.870242
1	4.25103	0.870596
1	4.25458	0.870905
1	4.25755	0.871369
1	4.26112	0.871672
1	4.26427	0.872086
1	4.26749	0.872479
1	4.27051	0.872924
1	4.27359	0.873357
1	4.27671	0.873775
1	4.27999	0.874148
1	4.28321	0.87454
1	4.28654	0.874899
1	4.28946	0.875367
1	4.29278	0.875729
1	4.29624	0.876053
1	4.29933	0.876475
1	4.30231	0.876923
1	4.30556	0.8773
1	4.30937	0.877527
1	4.3124	0.877961
1	4.3153	0.878429
1	4.31877	0.878744
1	4.3217	0.879203
1	4.32472	0.879636
1	4.32794	0.880017
1	4.33125	0.880372
1	4.33463	0.880708
1	4.33787	0.881079
1	4.34089	0.881509
1	4.34418	0.881866
1	4.34751	0.882213
1	4.35075	0.882581
1	4.35404	0.882939
1	4.35751	0.883245
1	4.3605	0.883679
1	4.36351	0.884106
1	4.36661	0.884508
1	4.36959	0.884941
1	4.37272	0.885334
1	4.3764	0.885582
1	4.37939	0.88601
1	4.38281	0.886326
1	4.38575	0.886765
1	4.38883	0.88717
1	4.39179	0.887602
1	4.39471	0.888045
1	4.39764	0.888485
1	4.40066	0.888902
1	4.40369	0.889313
1	4.40667	0.889736
1	4.40962	0.890168
1	4.41262	0.890587
1	4.41613	0.89087
1	4.41916	0.891279
1	4.42231	0.891654
1	4.42532	0.892068
1	4.42831	0.892485
1	4.43193	0.892737
1	4.43573	0.892941
1	4.43949	0.893157
1	4.44281	0.893484
1	4.44578	0.893903
1	4.44888	0.894286
1	4.45189	0.894695
1	4.45491	0.895097
1	4.4584	0.895377
1	4.46143	0.895777
1	4.46445	0.896179
1	4.46821	0.896389
1	4.47187	0.896625
1	4.47478	0.897051
1	4.47819	0.89735
1	4.4812	0.897751
1	4.48424	0.898142
1	4.48739	0.898505
1	4.49033	0.898924
1	4.49335	0.899319
1	4.49642	0.8997
1	4.49951	0.900077
1	4.50298	0.900352
1	4.50598	0.900751
1	4.50943	0.901032
1	4.51286	0.901318
1	4.51588	0.901711
1	4.51895	0.902088
1	4.52195	0.902483
1	4.52519	0.902815
1	4.52879	0.903055
1	4.53226	0.903327
1	4.53538	0.903688
1	4.53879	0.903974
1	4.54194	0.904328
1	4.54495	0.904714
1	4.548	0.905091
1	4.55127	0.905412
1	4.55449	0.905743
1	4.55752	0.906123
1	4.56104	0.906378
1	4.56398	0.906779
1	4.56743	0.90705
1	4.57067	0.907375
1	4.57364	0.907768
1	4.57661	0.908158
1	4.57972	0.908513
1	4.58273	0.908894
1	4.58565	0.909296
1	4.58874	0.909654
1	4.59191	0.909992
1	4.59524	0.910289
1	4.59871	0.910548
1	4.60206	0.910838
1	4.60508	0.911213
1	4.60862	0.911452
1	4.6121	0.911709
1	4.61526	0.912045
1	4.61866	0.91232
1	4.62163	0.912702
1	4.62465	0.913072
1	4.62799	0.913362
1	4.63162	0.913576
1	4.63452	0.913975
1	4.63768	0.914307
1	4.64068	0.914678
1	4.6443	0.914893
1	4.64724	0.915279
1	4.65075	0.91552
1	4.6538	0.915877
1	4.65675	0.91626
1	4.65983	0.916607
1	4.663	0.916932
1	4.6663	0.917224
1	4.66951	0.917538
1	4.67276	0.91784
1	4.67636	0.918055
1	4.67966	0.918346
1	4.68272	0.918695
1	4.68582	0.919034
1	4.68885	0.919389
1	4.69207	0.919697
1	4.69501	0.920074
1	4.6983	0.920362
1	4.70136	0.920707
1	4.70461	0.921006
1	4.70991	0.920794
1	4.71329	0.921059
1	4.71655	0.921354
1	4.71953	0.921716
1	4.72261	0.922054
1	4.7258	0.922363
1	4.72871	0.922744
1	4.73182	0.923071
1	4.73523	0.923326
1	4.7386	0.923589
1	4.74178	0.923897
1	4.74532	0.92412
1	4.7489	0.924329
1	4.75227	0.924591
1	4.75528	0.92494
1	4.7589	0.925139
1	4.76181	0.925511
1	4.76498	0.92582
1	4.76838	0.926071
1	4.77128	0.926446
1	4.77419	0.926818
1	4.77734	0.927129
1	4.78105	0.927302
1	4.78428	0.927592
1	4.78728	0.927939
1	4.79036	0.928266
1	4.79348	0.928583
1	4.79642	0.928943
1	4.79946	0.929276
1	4.80282	0.929532
1	4.80633	0.929752
1	4.80939	0.930081
1	4.81246	0.930407
1	4.81547	0.930747
1	4.81885	0.930994
1	4.82242	0.931197
1	4.82542	0.931537
1	4.82901	0.931732
1	4.83211	0.932049
1	4.83555	0.932279
1	4.83891	0.932532
1	4.84191	0.932869
1	4.84546	0.933074
1	4.84925	0.93322
1	4.85226	0.933553
1	4.8555	0.933831
1	4.85856	0.934151
1	4.86192	0.9344
1	4.86531	0.934639
1	4.86859	0.934906
1	4.87188	0.935169
1	4.87499	0.935477
1	4.87805	0.935793
1	4.88141	0.93604
1	4.88474	0.936291
1	4.88767	0.936639
1	4.89068	0.936968
1	4.89369	0.937294
1	4.89683	0.937591
1	4.89999	0.937882
1	4.90297	0.938215
1	4.90616	0.938498
1	4.90913	0.938832
1	4.91215	0.939153
1	4.91574	0.93934
1	4.91929	0.939535
1	4.92246	0.939818
1	4.92545	0.940146
1	4.92838	0.940489
1	4.93155	0.940772
1	4.93525	0.940926
1	4.93823	0.941255
1	4.94143	0.941531
1	4.945	0.941716
1	4.94838	0.941949
1	4.95149	0.942243
1	4.9546	0.942538
1	4.95818	0.942721
1	4.96156	0.942951
1	4.96474	0.943225
1	4.96794	0.943498
1	4.97089	0.943829
1	4.97411	0.944095
1	4.97738	0.944349
1	4.98085	0.944555
1	4.98432	0.944759
1	4.98804	0.944906
1	4.99097	0.945238
1	4.99406	0.945533
1	4.99719	0.945816
1	5.00031	0.946102
1	5.0036	0.946349
1	5.00709	0.946546
1	5.01023	0.946827
1	5.01318	0.947152
1	5.01648	0.947393
1	5.01995	0.947595
1	5.02318	0.947852
1	5.02649	0.948089
1	5.02968	0.948356
1	5.03282	0.948633
1	5.03619	0.948855
1	5.03946	0.949102
1	5.04268	0.949359
1	5.04601	0.949589
1	5.04955	0.94977
1	5.05261	0.950063
1	5.05582	0.950322
1	5.05944	0.950484
1	5.06274	0.950721
1	5.06565	0.951046
1	5.06868	0.951345
1	5.07211	0.95155
1	5.07506	0.951867
1	5.07804	0.952174
1	5.08094	0.952503
1	5.08391	0.952813
1	5.08727	0.953032
1	5.09068	0.953238
1	5.09392	0.953485
1	5.09684	0.953804
1	5.10048	0.953956
1	5.10402	0.954132
1	5.10725	0.954379
1	5.11029	0.954669
1	5.11349	0.954923
1	5.11717	0.955063
1	5.12064	0.955253
1	5.12415	0.955434
1	5.12717	0.955726
1	5.13016	0.956028
1	5.13305	0.956349
1	5.1362	0.956612
1	5.13946	0.956848
1	5.14264	0.957103
1	5.14556	0.957416
1	5.14851	0.957722
1	5.1517	0.957974
1	5.15519	0.958154
1	5.15811	0.958467
1	5.16173	0.958616
1	5.16495	0.958858
1	5.16823	0.959088
1	5.17142	0.959336
1	5.17446	0.959618
1	5.17769	0.959858
1	5.18066	0.960154
1	5.18367	0.960444
1	5.18686	0.960688
1	5.19026	0.960888
1	5.19331	0.961164
1	5.19641	0.961432
1	5.1998	0.96163
1	5.20291	0.961893
1	5.20654	0.962038
1	5.21007	0.962203
1	5.21324	0.962451
1	5.2167	0.962634
1	5.21991	0.962872
1	5.22317	0.963098
1	5.22615	0.963387
1	5.2299	0.963503
1	5.23341	0.963671
1	5.23664	0.963905
1	5.2397	0.964173
1	5.24288	0.964417
1	5.2462	0.964628
1	5.24969	0.964799
1	5.25294	0.965025
1	5.25654	0.96517
1	5.25949	0.965464
1	5.26239	0.965767
1	5.26604	0.965903
1	5.26893	0.966207
1	5.27193	0.966487
1	5.27491	0.966772
1	5.27802	0.967028
1	5.2816	0.967175
1	5.28476	0.967418
1	5.28803	0.967635
1	5.29138	0.967833
1	5.29445	0.968097
1	5.2979	0.968272
1	5.30141	0.968434
1	5.30471	0.968643
1	5.30831	0.968785
1	5.31128	0.969068
1	5.31433	0.969331
1	5.31735	0.969601
1	5.32062	0.969815
1	5.32354	0.970109
1	5.32668	0.970352
1	5.32958	0.970647
1	5.33282	0.970868
1	5.33635	0.971021
1	5.3393	0.971306
1	5.34287	0.971449
1	5.34583	0.971731
1	5.34897	0.97197
1	5.35268	0.972083
1	5.35647	0.972179
1	5.35947	0.972448
1	5.36284	0.972635
1	5.36644	0.972773
1	5.3695	0.973028
1	5.3726	0.973275
1	5.37572	0.973518
1	5.37875	0.973779
1	5.38186	0.974023
1	5.38503	0.974252
1	5.38813	0.974499
1	5.39138	0.97471
1	5.39439	0.974975
1	5.39774	0.975162
1	5.40074	0.975428
1	5.40433	0.975564
1	5.40727	0.975842
1	5.41072	0.976009
1	5.41388	0.976236
1	5.41764	0.976334
1	5.42055	0.976618
1	5.42348	0.976897
1	5.42663	0.977126
1	5.42974	0.977364
1	5.43355	0.977448
1	5.43714	0.97758
1	5.44025	0.977819
1	5.44315	0.978103
1	5.44664	0.978256
1	5.44986	0.978468
1	5.45351	0.978585
1	5.45642	0.978866
1	5.45965	0.979075
1	5.46315	0.979226
1	5.46623	0.979469
1	5.46931	0.97971
1	5.47226	0.979979
1	5.47536	0.980214
1	5.47839	0.980466
1	5.48169	0.980658
1	5.48505	0.980837
1	5.48802	0.981102
1	5.49112	0.981336
1	5.49428	0.981557
1	5.49743	0.981779
1	5.50125	0.981856
1	5.50467	0.982022
1	5.50824	0.982152
1	5.51152	0.982345
1	5.51501	0.982493
1	5.51847	0.982647
1	5.52188	0.982813
1	5.52503	0.983034
1	5.52843	0.983199
1	5.53168	0.983399
1	5.5351	0.983561
1	5.53882	0.983657
1	5.54176	0.983921
1	5.5453	0.984057
1	5.54838	0.984291
1	5.55128	0.984564
1	5.55461	0.984742
1	5.55795	0.984919
1	5.56144	0.985065
1	5.56465	0.98527
1	5.5679	0.985465
1	5.57095	0.985703
1	5.57425	0.985887
1	5.5775	0.986083
1	5.58085	0.986256
1	5.58401	0.98647
1	5.58715	0.986688
1	5.59012	0.986941
1	5.59302	0.987209
1	5.59621	0.987415
1	5.59922	0.987659
1	5.60239	0.98787
1	5.60545	0.988102
1	5.60893	0.988246
1	5.61183	0.988512
1	5.61554	0.988604
1	5.61868	0.988819
1	5.62242	0.988906
1	5.62538	0.989158
1	5.62831	0.989418
1	5.63162	0.989594
1	5.63478	0.989804
1	5.63823	0.98995
1	5.64147	0.990141
1	5.64471	0.990332
1	5.64768	0.990581
1	5.65079	0.990799
1	5.65437	0.990918
1	5.65746	0.99114
1	5.66053	0.991365
1	5.66366	0.991579
1	5.667	0.991747
1	5.66994	0.992
1	5.67329	0.992165
1	5.67684	0.992286
1	5.67976	0.992543
1	5.68308	0.992715
1	5.68614	0.99294
1	5.68908	0.993191
1	5.69225	0.993393
1	5.69553	0.993572
1	5.69878	0.993756
1	5.70175	0.993999
1	5.70469	0.994248
1	5.7102	0.993956
1	5.71353	0.994123
1	5.71651	0.994363
1	5.71948	0.994604
1	5.7225	0.994837
1	5.72577	0.995013
1	5.72944	0.995109
1	5.73246	0.995339
1	5.73543	0.995579
1	5.73852	0.995795
1	5.74182	0.995965
1	5.74519	0.996122
1	5.74846	0.996298
1	5.75174	0.996472
1	5.75542	0.996563
1	5.75846	0.996787
1	5.7618	0.996948
1	5.76537	0.997059
1	5.76859	0.997245
1	5.77212	0.997365
1	5.77535	0.997549
1	5.77856	0.997737
1	5.78196	0.997884
1	5.78486	0.998136
1	5.78784	0.99837
1	5.79092	0.998582
1	5.79434	0.998724
1	5.79769	0.998881
1	5.80059	0.99913
1	5.8039	0.999294
1	5.80751	0.999397
1	5.81057	0.999612
1	5.81358	0.999838
1	5.81685	1.00001
1	5.81994	1.00022
1	5.82315	1.0004
1	5.82607	1.00064
1	5.82931	1.00082
1	5.83235	1.00104
1	5.8354	1.00126
1	5.83866	1.00143
1	5.84179	1.00163
1	5.8451	1.00179
1	5.8484	1.00195
1	5.85145	1.00217
1	5.85451	1.00238
1	5.85805	1.00249
1	5.86157	1.00261
1	5.86507	1.00273
1	5.86838	1.00289
1	5.87158	1.00307
1	5.87481	1.00324
1	5.87783	1.00346
1	5.88128	1.00359
1	5.88439	1.00379
1	5.88745	1.004
1	5.89075	1.00416
1	5.8941	1.00431
1	5.89701	1.00455
1	5.90019	1.00473
1	5.90316	1.00496
1	5.90689	1.00503
1	5.90998	1.00523
1	5.91342	1.00536
1	5.91676	1.00551
1	5.91992	1.0057
1	5.92363	1.00578
1	5.9271	1.0059
1	5.93051	1.00603
1	5.93574	1.0058
1	5.93924	1.00591
1	5.94223	1.00613
1	5.94536	1.00633
2	5.94582	0.00139044
1	5.95178	1.00585
2	5.95178	0.00277527
2	5.95526	0.00415801
2	5.95834	0.00553824
1	5.96433	1.00413
2	5.96471	0.00690793
1	5.97092	1.00362
2	5.97095	0.00827209
1	5.97724	1.00317
2	5.97752	0.00962947
1	5.98359	1.00272
2	5.98387	0.0109817
1	5.98984	1.00228
1	5.99323	1.00242
2	5.99337	0.0123152
2	5.99629	0.0136702
2	5.99937	0.0150218
2	6.00234	0.0163712
2	6.00554	0.0177166
1	6.01142	0.999598
1	6.01481	0.999739
1	6.01774	0.999973
1	6.02102	1.00013
1	6.02449	1.00026
1	6.02765	1.00045
1	6.03068	1.00066
2	6.03087	0.01892
1	6.03696	1.00022
2	6.03723	0.0202289
2	6.04028	0.0215559
2	6.04329	0.0228805
1	6.04917	0.998615
1	6.05211	0.998844
1	6.0551	0.999064
1	6.05819	0.999263
2	6.05847	0.0241061
2	6.06143	0.0254208
1	6.06759	0.998217
2	6.06773	0.0267038
1	6.07373	0.997817
1	6.07685	0.998011
2	6.07697	0.0279548
2	6.08025	0.0292548
2	6.0832	0.0305553
1	6.08923	0.996387
1	6.09247	0.996558
2	6.09286	0.0317841
1	6.0988	0.996125
1	6.10172	0.996358
2	6.10205	0.0330105
1	6.10791	0.995952
1	6.11093	0.996164
1	6.11424	0.99632
1	6.11733	0.99652
1	6.12024	0.996754
2	6.12035	0.0341295
1	6.12624	0.996386
1	6.12914	0.99662
1	6.13204	0.996855
1	6.13514	0.997052
2	6.1355	0.0352709
2	6.13848	0.0365425
2	6.14171	0.0378087
1	6.14784	0.995388
1	6.1508	0.995611
2	6.15094	0.0389979
2	6.15398	0.040259
1	6.15993	0.994642
2	6.16004	0.0414779
1	6.16585	0.994296
1	6.16888	0.994505
2	6.16935	0.0426485
1	6.17548	0.994028
1	6.1788	0.994182
1	6.18189	0.99438
1	6.18538	0.9945
1	6.18831	0.994729
1	6.19133	0.994938
2	6.19155	0.0436352
1	6.19746	0.994553
2	6.19766	0.0448327
2	6.20102	0.0460653
2	6.20403	0.0473005
1	6.21	0.992946
1	6.21303	0.993154
2	6.2132	0.0484402
2	6.21655	0.0496631
2	6.21953	0.0508895
1	6.22539	0.991589
2	6.22572	0.0520616
2	6.22866	0.0532827
2	6.23186	0.0544974
1	6.23796	0.989992
2	6.23859	0.055649
1	6.24473	0.989494
1	6.24767	0.98972
1	6.25079	0.989912
2	6.2508	0.0566999
1	6.2569	0.989541
2	6.25697	0.05785
2	6.26003	0.0590522
2	6.26303	0.0602531
2	6.26628	0.0614473
2	6.26935	0.0626423
1	6.27528	0.986871
2	6.27571	0.0637712
1	6.28168	0.98645
2	6.28177	0.0649015
2	6.28475	0.0660897
2	6.28778	0.0672746
1	6.29392	0.984942
1	6.29689	0.985164
1	6.29995	0.985369
2	6.30026	0.0682613
1	6.30612	0.984995
2	6.30623	0.0693769
2	6.30961	0.0705436
1	6.31541	0.984043
1	6.31868	0.984207
2	6.3188	0.0715825
2	6.32179	0.0727511
1	6.3277	0.98331
1	6.33069	0.983528
2	6.33071	0.0737861
2	6.33377	0.0749469
1	6.33972	0.982632
2	6.34007	0.0760319
1	6.34604	0.982236
2	6.3461	0.0771189
1	6.3519	0.981926
1	6.35481	0.982158
2	6.35496	0.0781362
2	6.35812	0.0792825
1	6.36398	0.981242
1	6.36722	0.981412
2	6.36728	0.0802833
1	6.37351	0.981025
2	6.37407	0.0813357
2	6.37697	0.0824787
1	6.38279	0.980096
2	6.3828	0.0835473
1	6.38897	0.979731
1	6.39202	0.979936
1	6.39569	0.98003
1	6.39861	0.980259
1	6.40184	0.980431
2	6.40214	0.0842764
1	6.40843	0.979993
2	6.40866	0.0853169
2	6.41162	0.0864433
2	6.41473	0.0875641
2	6.41778	0.0886844
1	6.42394	0.977946
2	6.42412	0.0897165
1	6.43004	0.977602
1	6.43315	0.977797
1	6.43622	0.977997
2	6.43633	0.0905896
2	6.43957	0.0916951
1	6.44542	0.977097
1	6.44849	0.977298
1	6.45155	0.977502
2	6.4518	0.0925568
2	6.45475	0.0936635
2	6.45806	0.0947583
2	6.46112	0.0958581
2	6.46403	0.0969598
2	6.46703	0.0980575
2	6.46995	0.0991553
1	6.47612	0.973863
2	6.47634	0.100151
2	6.47924	0.101245
1	6.48523	0.972993
1	6.48817	0.973218
2	6.48824	0.102158
2	6.49125	0.103243
1	6.49707	0.972387
2	6.49753	0.104229
2	6.50047	0.105311
2	6.50341	0.106392
2	6.5067	0.107461
2	6.5096	0.108539
1	6.51557	0.969868
2	6.51609	0.109503
1	6.52201	0.969479
2	6.52225	0.110475
1	6.52835	0.969107
1	6.53164	0.969272
1	6.53473	0.969472
1	6.53771	0.969689
2	6.53775	0.111149
2	6.54085	0.112208
2	6.54406	0.113262
2	6.54735	0.114312
2	6.55043	0.115366
1	6.55631	0.96718
2	6.55635	0.116326
2	6.5593	0.11738
1	6.56531	0.966351
1	6.56821	0.966584
1	6.57156	0.966738
1	6.57447	0.966968
2	6.57453	0.118026
1	6.58068	0.966627
1	6.58357	0.966859
1	6.58655	0.967077
1	6.58961	0.96728
2	6.58969	0.118669
1	6.59588	0.966928
2	6.59636	0.119588
2	6.5997	0.120615
1	6.60572	0.965961
1	6.60888	0.966147
1	6.61185	0.966366
2	6.61207	0.121335
2	6.61535	0.122358
2	6.61833	0.123389
1	6.62422	0.964969
2	6.62433	0.124315
2	6.62733	0.125342
2	6.63062	0.126356
2	6.63379	0.127373
2	6.63671	0.128397
1	6.64256	0.962559
2	6.6426	0.129314
2	6.64589	0.130321
2	6.64924	0.131324
1	6.65503	0.961161
2	6.65504	0.132236
2	6.65818	0.133242
2	6.66117	0.134252
1	6.66726	0.959809
2	6.66745	0.135139
1	6.67338	0.959496
2	6.6737	0.136024
1	6.67963	0.959161
1	6.68277	0.959351
1	6.68585	0.959552
2	6.68601	0.136681
1	6.69231	0.959183
1	6.69529	0.959401
2	6.69553	0.137438
2	6.69849	0.138435
1	6.70472	0.958533
1	6.70796	0.958706
2	6.70801	0.139184
2	6.71121	0.140168
1	6.7172	0.957873
2	6.71747	0.141034
1	6.72342	0.957547
2	6.72391	0.14189
1	6.72999	0.957164
1	6.73323	0.957338
2	6.73362	0.142618
2	6.73655	0.143602
1	6.74242	0.95652
1	6.74536	0.956742
1	6.7486	0.956917
2	6.74885	0.144223
2	6.7518	0.145202
1	6.75761	0.95613
1	6.76055	0.956353
2	6.76076	0.145945
1	6.76661	0.956058
2	6.76662	0.146805
1	6.77303	0.955705
2	6.77329	0.147631
1	6.77924	0.955387
2	6.77929	0.148481
1	6.78542	0.955074
2	6.78581	0.149307
1	6.7916	0.954763
2	6.79166	0.150157
2	6.79464	0.151118
2	6.7979	0.152067
2	6.80107	0.153018
1	6.80691	0.95295
1	6.81034	0.953093
2	6.81057	0.153711
2	6.81365	0.154661
1	6.81951	0.952295
1	6.82269	0.952478
1	6.82567	0.952694
2	6.82571	0.155244
2	6.82887	0.156186
2	6.83205	0.157125
1	6.83799	0.951386
2	6.83807	0.157946
1	6.84421	0.951073
2	6.84424	0.158758
1	6.85028	0.950787
1	6.85322	0.951009
1	6.85636	0.951198
1	6.85926	0.951427
1	6.86228	0.951635
1	6.86535	0.951836
1	6.86842	0.952036
2	6.86903	0.158799
1	6.87483	0.951694
2	6.87488	0.159617
1	6.88079	0.951426
1	6.88389	0.951621
1	6.88695	0.951823
2	6.88754	0.160151
2	6.89045	0.161084
1	6.89638	0.950994
1	6.89969	0.951155
1	6.90277	0.951353
1	6.90575	0.951566
2	6.90584	0.161498
2	6.90905	0.162413
2	6.91196	0.163339
1	6.91787	0.95031
1	6.92108	0.950486
1	6.92429	0.950662
1	6.92728	0.950874
1	6.93028	0.951084
1	6.93338	0.951277
2	6.93352	0.163485
2	6.93649	0.164402
2	6.93964	0.165311
2	6.9432	0.1662
1	6.94916	0.949442
1	6.95208	0.949664
1	6.95511	0.949869
2	6.95519	0.166732
2	6.95839	0.167632
1	6.96419	0.94911
2	6.9645	0.168406
1	6.97069	0.948762
1	6.97373	0.948966
1	6.97672	0.949176
1	6.97978	0.949375
1	6.9832	0.949517
1	6.9865	0.949677
1	6.98988	0.949826
2	6.98994	0.16836
1	6.99601	0.949538
2	6.99613	0.169124
1	7.00201	0.949271
2	7.00277	0.169866
2	7.00568	0.170766
2	7.00858	0.171664
1	7.01444	0.94799
2	7.01455	0.172429
2	7.01779	0.173309
1	7.02364	0.947223
2	7.02392	0.174063
1	7.03005	0.946895
2	7.03032	0.174803
1	7.03633	0.946589
1	7.03924	0.94681
1	7.04244	0.946987
2	7.04299	0.175268
1	7.04898	0.94664
2	7.04976	0.175987
1	7.05579	0.946252
1	7.05892	0.946439
2	7.05892	0.176599
1	7.06489	0.946182
2	7.06522	0.177333
2	7.06847	0.178198
1	7.07467	0.945335
1	7.07759	0.945554
1	7.08059	0.945762
1	7.08371	0.945949
2	7.08373	0.178535
2	7.08691	0.179398
1	7.09296	0.945185
2	7.09308	0.180128
1	7.09934	0.944868
1	7.10235	0.945074
1	7.10527	0.945291
2	7.10528	0.180591
1	7.11111	0.945059
1	7.11401	0.945281
1	7.11694	0.945498
2	7.11736	0.181056
2	7.12044	0.181915
1	7.12657	0.94468
1	7.12963	0.944877
1	7.13268	0.945075
1	7.13588	0.945249
2	7.13608	0.182217
2	7.13897	0.183079
1	7.14493	0.944524
2	7.14494	0.183804
1	7.15113	0.944237
1	7.15407	0.944452
2	7.15428	0.184377
2	7.15727	0.185229
2	7.16053	0.186069
1	7.16661	0.943195
1	7.17034	0.943289
2	7.17046	0.186608
2	7.17341	0.187457
1	7.17936	0.942576
1	7.18232	0.942787
2	7.18254	0.188027
2	7.18578	0.18886
1	7.19163	0.94203
2	7.19207	0.189554
2	7.1952	0.190389
2	7.19871	0.191205
2	7.20185	0.192037
1	7.20774	0.940245
1	7.21072	0.940454
1	7.2137	0.940662
2	7.21373	0.192468
2	7.21663	0.193307
2	7.21999	0.194124
1	7.22595	0.939469
1	7.22939	0.939608
2	7.2298	0.194642
2	7.2327	0.195476
2	7.23568	0.196306
1	7.24158	0.938429
1	7.24491	0.938585
1	7.2478	0.938805
1	7.25094	0.938989
1	7.25418	0.939158
2	7.25436	0.196406
1	7.26049	0.938865
2	7.26074	0.197074
1	7.26655	0.938611
1	7.26959	0.938809
1	7.27257	0.939017
1	7.27552	0.939228
2	7.27574	0.19734
2	7.27898	0.198148
1	7.28484	0.938486
1	7.28778	0.938699
2	7.28795	0.198689
2	7.29101	0.199502
2	7.29426	0.200305
1	7.30049	0.937455
1	7.30343	0.937669
2	7.30395	0.200805
1	7.30979	0.937372
2	7.30985	0.201481
2	7.31299	0.202284
2	7.31599	0.203092
1	7.32202	0.936207
2	7.32228	0.203744
2	7.32535	0.204547
1	7.33116	0.935503
2	7.33121	0.205216
1	7.33729	0.935244
2	7.33783	0.205846
2	7.34139	0.206621
2	7.34431	0.207425
1	7.35017	0.933992
1	7.3531	0.934206
2	7.35364	0.207922
2	7.35671	0.208715
2	7.35962	0.209516
2	7.36254	0.210314
2	7.36579	0.211096
2	7.36902	0.211877
2	7.37204	0.212668
2	7.37507	0.213456
2	7.37816	0.214241
2	7.38118	0.215029
2	7.38437	0.215807
2	7.38729	0.216596
2	7.39058	0.217367
2	7.39383	0.218139
2	7.39689	0.218918
1	7.40273	0.927604
2	7.40298	0.219546
1	7.40878	0.927367
1	7.41181	0.927569
1	7.41498	0.927748
2	7.41524	0.219864
2	7.41814	0.220647
2	7.42117	0.221422
1	7.42697	0.926654
1	7.43011	0.926839
2	7.43037	0.221886
1	7.43654	0.926549
2	7.43686	0.222485
1	7.44283	0.926281
2	7.44287	0.223106
2	7.44641	0.22385
1	7.4528	0.925485
2	7.45289	0.224444
1	7.45903	0.925226
2	7.45918	0.225046
1	7.46498	0.925009
2	7.46562	0.225638
2	7.46855	0.226407
2	7.47149	0.227174
1	7.47728	0.923883
2	7.47734	0.227792
2	7.48046	0.228548
2	7.48391	0.229286
1	7.48996	0.92271
2	7.4901	0.229882
2	7.49313	0.230638
1	7.49893	0.922067
1	7.50187	0.92228
1	7.50503	0.922462
1	7.50806	0.922662
1	7.51112	0.922857
1	7.51436	0.923027
2	7.51446	0.230456
2	7.51739	0.231213
1	7.52347	0.922365
2	7.5235	0.231806
2	7.52659	0.232553
1	7.53239	0.921733
1	7.53555	0.921914
2	7.53581	0.232983
1	7.54219	0.921605
1	7.54513	0.921816
2	7.54517	0.233405
1	7.55097	0.921619
2	7.55116	0.233997
1	7.55736	0.921347
1	7.5606	0.921516
2	7.56076	0.234403
2	7.56369	0.23515
2	7.5667	0.235892
2	7.56973	0.236632
1	7.57578	0.920012
1	7.57872	0.920223
1	7.58164	0.920437
1	7.58506	0.920581
2	7.58506	0.236734
1	7.59093	0.920382
1	7.59392	0.920586
2	7.59414	0.237158
1	7.6	0.920358
2	7.60007	0.237742
1	7.60593	0.920153
1	7.60908	0.920334
1	7.61253	0.920473
2	7.61258	0.237986
1	7.61856	0.920254
1	7.62149	0.920465
2	7.62153	0.238411
1	7.62777	0.920211
1	7.63072	0.920419
2	7.63091	0.238813
1	7.63706	0.920157
1	7.63997	0.920371
2	7.64005	0.239225
1	7.64616	0.920129
2	7.64617	0.239791
2	7.64925	0.240514
1	7.65528	0.919484
1	7.65832	0.91968
1	7.66125	0.91989
2	7.6614	0.240765
2	7.66444	0.241487
1	7.67025	0.919263
1	7.67334	0.91945
2	7.67344	0.241898
1	7.67961	0.9192
2	7.67979	0.242445
2	7.68272	0.243168
1	7.68892	0.918534
2	7.68911	0.24371
2	7.69259	0.244403
1	7.6986	0.917818
2	7.69894	0.244944
2	7.70211	0.24565
1	7.70794	0.917151
1	7.71096	0.917348
1	7.71428	0.917504
2	7.71495	0.24585
2	7.71789	0.246565
2	7.72088	0.247276
2	7.72426	0.247966
1	7.73045	0.915909
1	7.73365	0.916082
1	7.73706	0.916226
2	7.73717	0.248155
2	7.74021	0.24886
2	7.74344	0.249554
2	7.74647	0.250258
1	7.75236	0.914756
2	7.75275	0.250789
1	7.75889	0.914479
2	7.75893	0.251324
2	7.76195	0.252024
1	7.76798	0.913856
1	7.77122	0.914024
1	7.77446	0.914191
1	7.77779	0.914347
2	7.77779	0.252046
2	7.7809	0.252739
1	7.78682	0.913734
2	7.78701	0.253272
1	7.79316	0.913484
2	7.79323	0.253798
2	7.79647	0.254481
1	7.80227	0.912863
1	7.80518	0.913074
1	7.80825	0.913264
2	7.80861	0.25469
1	7.81488	0.912976
2	7.81503	0.255201
1	7.8211	0.912745
1	7.82436	0.912909
1	7.82729	0.913117
2	7.82729	0.255401
2	7.8303	0.25609
2	7.83334	0.256776
1	7.83957	0.912077
2	7.84003	0.257268
2	7.84326	0.257942
2	7.84621	0.25863
2	7.84913	0.259319
2	7.85202	0.260009
2	7.85518	0.260683
1	7.86123	0.909794
1	7.86449	0.909959
1	7.86739	0.910171
1	7.87066	0.910333
1	7.87362	0.910538
2	7.87383	0.260526
2	7.87681	0.261207
1	7.8828	0.909918
2	7.88289	0.261721
1	7.88871	0.909732
2	7.88882	0.262241
2	7.89183	0.262917
1	7.89806	0.909093
2	7.89809	0.263417
1	7.90392	0.908914
1	7.90684	0.909123
1	7.90974	0.909335
1	7.91281	0.909523
2	7.91334	0.263433
1	7.91954	0.90923
2	7.91988	0.263916
1	7.92574	0.909007
2	7.92586	0.264426
2	7.92904	0.265087
1	7.93489	0.908399
2	7.93504	0.265595
1	7.9409	0.908203
2	7.94126	0.266089
1	7.94752	0.907927
1	7.95069	0.908102
1	7.9536	0.908312
1	7.95668	0.908497
1	7.95973	0.908688
1	7.96277	0.908879
2	7.96288	0.265755
1	7.96875	0.908688
2	7.96891	0.266257
2	7.97208	0.266911
1	7.97799	0.908071
2	7.97807	0.267413
1	7.98394	0.907884
2	7.98399	0.267917
1	7.98998	0.907686
1	7.99342	0.907825
1	7.99635	0.908031
2	7.99685	0.268047
2	8.00031	0.268681
1	8.0061	0.907351
1	8.00926	0.907527
1	8.01273	0.907662
1	8.01577	0.907852
1	8.01899	0.908019
2	8.01915	0.268488
1	8.02503	0.907821
2	8.02514	0.268983
2	8.02806	0.269642
1	8.03414	0.907228
1	8.03718	0.907418
2	8.03767	0.269941
2	8.04072	0.27059
2	8.04419	0.271216
1	8.05024	0.906318
2	8.05037	0.271695
1	8.05625	0.906127
2	8.05634	0.272184
2	8.05946	0.272826
1	8.06539	0.905534
1	8.06831	0.905739
1	8.07121	0.905947
2	8.07131	0.272996
1	8.07718	0.905762
1	8.08008	0.90597
1	8.08332	0.906134
1	8.08675	0.906272
2	8.08695	0.272962
2	8.08987	0.27361
2	8.0928	0.274257
1	8.09861	0.905336
1	8.10161	0.90553
1	8.10518	0.905651
1	8.10812	0.905853
2	8.10815	0.274235
1	8.11406	0.905673
2	8.11411	0.274716
1	8.12056	0.905421
1	8.12379	0.905585
1	8.12705	0.905746
2	8.12714	0.274817
1	8.13327	0.90553
1	8.13666	0.905675
2	8.13672	0.275101
2	8.13992	0.275727
2	8.14301	0.276358
1	8.1489	0.904696
1	8.15196	0.904882
2	8.15223	0.276659
1	8.15828	0.904655
1	8.1613	0.904845
1	8.16434	0.905034
2	8.16441	0.276799
1	8.17021	0.904864
1	8.17311	0.905069
1	8.1763	0.905238
1	8.17939	0.905418
1	8.18233	0.905619
2	8.18238	0.276629
2	8.18557	0.277249
2	8.18851	0.277882
1	8.19431	0.904679
2	8.19439	0.278356
2	8.19746	0.278979
1	8.20385	0.904049
2	8.20423	0.279404
2	8.20729	0.280026
1	8.21324	0.903441
2	8.21336	0.280486
1	8.21929	0.903251
2	8.21932	0.28095
2	8.22226	0.281576
1	8.22809	0.902718
2	8.22823	0.282038
2	8.23123	0.28266
1	8.23707	0.902164
2	8.23745	0.283105
2	8.24081	0.283706
1	8.24664	0.901538
1	8.24971	0.901721
1	8.25261	0.901925
2	8.25262	0.283848
2	8.25559	0.284466
1	8.26166	0.901365
1	8.26463	0.90156
1	8.26803	0.901703
2	8.2685	0.284547
1	8.2743	0.901488
1	8.27729	0.901681
2	8.27738	0.284845
2	8.28039	0.285458
2	8.28344	0.286068
1	8.28958	0.900723
2	8.28964	0.286507
1	8.29545	0.900559
1	8.29839	0.900757
2	8.29843	0.286805
2	8.30137	0.287419
1	8.30722	0.90023
2	8.30726	0.287871
2	8.31039	0.288473
1	8.31621	0.899684
2	8.31645	0.288915
1	8.32238	0.899484
2	8.32253	0.289354
1	8.32843	0.899301
2	8.32848	0.2898
1	8.33455	0.89911
1	8.33787	0.89926
1	8.34098	0.899437
1	8.34415	0.899606
2	8.34426	0.28971
2	8.3473	0.290312
2	8.35096	0.290879
1	8.35688	0.898607
2	8.35696	0.291318
1	8.36302	0.898413
1	8.36635	0.898563
2	8.36679	0.291547
2	8.37023	0.292123
1	8.37607	0.897936
1	8.37913	0.898118
2	8.37973	0.292368
1	8.38568	0.897876
1	8.38887	0.898043
1	8.39231	0.898179
2	8.39234	0.292444
1	8.3984	0.897993
2	8.3984	0.292875
1	8.40425	0.897837
1	8.40748	0.897999
1	8.41042	0.898195
1	8.4138	0.898337
1	8.41712	0.898488
1	8.42017	0.898671
1	8.42308	0.89887
2	8.42332	0.292285
1	8.42924	0.898676
1	8.43233	0.898853
1	8.43536	0.899038
1	8.43837	0.899225
2	8.43838	0.292228
2	8.4413	0.292824
2	8.44429	0.293416
1	8.45031	0.898333
1	8.45323	0.898531
2	8.45326	0.293684
1	8.45909	0.898375
1	8.46243	0.898522
2	8.46244	0.293941
2	8.46589	0.294504
2	8.46931	0.295069
1	8.4751	0.897546
2	8.47516	0.295502
1	8.4812	0.897362
2	8.48143	0.295911
1	8.48748	0.897156
2	8.4875	0.29633
1	8.49332	0.897004
1	8.49675	0.89714
1	8.4999	0.897309
2	8.49995	0.296404
2	8.50309	0.296979
1	8.50916	0.896748
1	8.5123	0.896919
2	8.5129	0.297194
1	8.51878	0.896691
1	8.5219	0.896863
2	8.5222	0.297435
2	8.52511	0.29802
1	8.53099	0.896325
1	8.53411	0.896497
1	8.53738	0.896651
2	8.53751	0.298092
2	8.54068	0.298661
2	8.54359	0.299243
2	8.54662	0.299818
1	8.55248	0.895401
1	8.55592	0.895536
1	8.55889	0.895725
1	8.56198	0.895901
2	8.56203	0.299724
2	8.56523	0.300288
1	8.57134	0.895334
2	8.57153	0.300683
2	8.57463	0.301251
2	8.57781	0.301813
2	8.58093	0.302378
1	8.58687	0.894041
2	8.58699	0.302783
2	8.59018	0.303343
2	8.59331	0.303906
1	8.59923	0.893127
2	8.59989	0.30428
2	8.60312	0.304836
1	8.60914	0.892501
1	8.61242	0.892655
2	8.61245	0.305059
1	8.61835	0.892498
1	8.62129	0.892691
1	8.62476	0.892822
1	8.62772	0.893012
1	8.63069	0.893201
1	8.63385	0.893368
1	8.63695	0.893542
2	8.637	0.304457
1	8.64307	0.893362
1	8.64638	0.893511
1	8.64941	0.893693
1	8.65241	0.893877
2	8.65262	0.30434
1	8.65858	0.893693
1	8.66148	0.893889
1	8.66459	0.894061
1	8.6677	0.894232
2	8.66786	0.304244
2	8.67079	0.30481
1	8.67678	0.893708
1	8.67988	0.893881
2	8.68024	0.305023
1	8.68621	0.893677
2	8.68624	0.305422
2	8.68918	0.305984
2	8.69225	0.306539
1	8.69808	0.892831
2	8.69811	0.306943
2	8.7012	0.307495
1	8.70701	0.892328
2	8.70741	0.307878
2	8.71056	0.308425
1	8.71652	0.89176
1	8.71945	0.891951
1	8.72267	0.89211
2	8.72285	0.308478
1	8.72887	0.891925
1	8.73189	0.892106
1	8.73491	0.892287
2	8.73524	0.308526
2	8.73822	0.30908
2	8.74129	0.309628
2	8.74435	0.310176
1	8.75023	0.891051
2	8.75025	0.31057
2	8.75316	0.311125
1	8.75961	0.890503
1	8.76287	0.890656
2	8.76322	0.311293
1	8.76908	0.890471
2	8.76932	0.311673
1	8.77527	0.89029
1	8.77837	0.890461
1	8.78127	0.890655
1	8.78424	0.890842
2	8.78451	0.311563
1	8.79063	0.890637
1	8.79358	0.890826
2	8.79376	0.311773
1	8.79972	0.890649
2	8.79983	0.312152
2	8.80305	0.312685
2	8.80608	0.313228
2	8.809	0.313775
1	8.8149	0.889444
1	8.8178	0.889637
1	8.82086	0.889813
1	8.82396	0.889984
2	8.82436	0.313651
1	8.83016	0.889802
2	8.83024	0.314037
2	8.83325	0.314577
1	8.83912	0.889308
1	8.84212	0.88949
2	8.84242	0.314785
2	8.84562	0.315313
2	8.8488	0.315842
2	8.85173	0.316383
2	8.85473	0.316921
1	8.86052	0.887929
2	8.86054	0.317306
2	8.86361	0.317839
1	8.86944	0.887443
1	8.87246	0.887623
2	8.87304	0.318025
1	8.8796	0.887339
1	8.88263	0.887517
2	8.88264	0.318203
1	8.88884	0.887338
1	8.89185	0.887519
2	8.89191	0.318397
1	8.89776	0.887372
1	8.90069	0.887562
1	8.90377	0.887735
1	8.9068	0.887912
1	8.90993	0.888079
1	8.91291	0.888262
1	8.91582	0.888453
1	8.91899	0.888614
2	8.91907	0.317628
2	8.92222	0.318151
2	8.92524	0.31868
1	8.93103	0.887782
2	8.93108	0.319057
2	8.93439	0.319569
1	8.94018	0.887274
2	8.94039	0.319936
1	8.94618	0.88712
2	8.94634	0.320305
1	8.95221	0.886962
1	8.95571	0.887087
2	8.95585	0.320481
1	8.96184	0.886918
1	8.96491	0.887091
2	8.96523	0.320663
1	8.97104	0.886923
2	8.97105	0.321037
2	8.97418	0.321554
2	8.97758	0.322057
1	8.98364	0.886036
1	8.98715	0.886159
2	8.98739	0.322213
2	8.9904	0.322735
2	8.99353	0.32325
2	8.99666	0.323764
2	8.99956	0.32429
2	9.00308	0.324782
1	9.0092	0.884232
1	9.01223	0.884408
2	9.01258	0.324951
2	9.01572	0.325462
2	9.019	0.325965
2	9.02191	0.326488
1	9.02786	0.883197
1	9.03105	0.883356
1	9.03418	0.883521
2	9.03452	0.326484
2	9.03758	0.326997
2	9.04068	0.327508
2	9.04383	0.328015
2	9.0468	0.328531
1	9.05292	0.881974
2	9.05314	0.328863
1	9.05902	0.881815
2	9.05915	0.329213
1	9.06519	0.881648
2	9.06562	0.329537
2	9.0689	0.330034
2	9.07197	0.330542
2	9.07501	0.331051
1	9.08096	0.880434
1	9.08396	0.880614
2	9.08425	0.331221
2	9.08782	0.3317
1	9.09374	0.880056
1	9.09689	0.880219
1	9.09986	0.880402
1	9.10279	0.880589
2	9.10279	0.331557
2	9.10601	0.332053
1	9.11197	0.880098
2	9.1122	0.332387
1	9.11809	0.879939
1	9.121	0.880128
1	9.12399	0.880308
2	9.12414	0.332408
1	9.13009	0.880152
2	9.13029	0.332742
1	9.13612	0.880003
2	9.13661	0.333067
1	9.14249	0.879818
2	9.1426	0.333409
2	9.14573	0.333906
1	9.15169	0.879327
2	9.15205	0.334229
2	9.15517	0.334725
1	9.16116	0.878809
1	9.16413	0.87899
2	9.16415	0.334901
1	9.16995	0.878866
1	9.1731	0.879028
1	9.17613	0.879203
1	9.17903	0.879392
1	9.18223	0.879549
2	9.18244	0.334573
1	9.18862	0.879363
1	9.19179	0.879522
2	9.19203	0.334717
2	9.19503	0.335216
1	9.20088	0.879047
1	9.20389	0.879224
1	9.20693	0.879397
2	9.20747	0.335204
1	9.21343	0.8792
2	9.21344	0.335541
2	9.21644	0.336038
1	9.22234	0.878746
2	9.22236	0.336376
2	9.22533	0.336874
1	9.23125	0.878292
1	9.23431	0.878463
1	9.23743	0.878627
2	9.23758	0.336869
2	9.24077	0.337353
1	9.24657	0.87815
1	9.2495	0.878335
1	9.25282	0.878478
1	9.25602	0.878634
2	9.25655	0.337157
1	9.2626	0.878429
2	9.2627	0.33748
1	9.26875	0.878272
1	9.27185	0.878438
1	9.27499	0.878599
2	9.27514	0.337464
1	9.28093	0.878464
1	9.28387	0.878647
2	9.28437	0.33762
1	9.29048	0.87844
1	9.29367	0.878596
1	9.29702	0.878735
1	9.3002	0.878892
2	9.30026	0.337418
2	9.30319	0.337912
2	9.3061	0.338405
2	9.30918	0.338889
2	9.31232	0.33937
1	9.31823	0.877479
2	9.31843	0.33969
1	9.32495	0.877263
1	9.32828	0.877404
1	9.33187	0.877517
2	9.3323	0.339592
1	9.33837	0.877325
2	9.3385	0.339906
2	9.34165	0.340383
2	9.34467	0.340867
1	9.35055	0.876535
1	9.35359	0.876706
2	9.35395	0.341014
2	9.3569	0.3415
2	9.36021	0.341966
2	9.36315	0.342452
2	9.36607	0.342938
2	9.36913	0.343416
1	9.37493	0.874962
1	9.37811	0.875119
1	9.38133	0.875271
1	9.38456	0.875422
1	9.388	0.875551
1	9.39124	0.875702
1	9.39432	0.875868
1	9.39754	0.87602
1	9.40105	0.876142
1	9.40464	0.876255
1	9.40762	0.876431
2	9.40772	0.341987
2	9.41124	0.342439
2	9.41421	0.342919
1	9.42003	0.875627
1	9.42301	0.875802
2	9.42311	0.343081
1	9.42917	0.875648
2	9.42919	0.343394
2	9.4321	0.343875
1	9.43803	0.875215
1	9.44127	0.875364
1	9.44437	0.875528
1	9.44742	0.875697
1	9.45032	0.875881
1	9.45333	0.876054
1	9.45634	0.876225
2	9.4564	0.343216
1	9.4627	0.876052
2	9.46293	0.343503
2	9.46602	0.343972
1	9.47191	0.875582
2	9.47196	0.344289
1	9.47804	0.875432
1	9.48108	0.875601
1	9.48414	0.875769
2	9.48417	0.344272
1	9.49	0.875647
2	9.49002	0.344593
1	9.49594	0.875517
2	9.49632	0.34489
2	9.49964	0.345343
1	9.50554	0.87501
1	9.5085	0.875187
2	9.50855	0.3455
1	9.51446	0.875055
2	9.51456	0.34581
1	9.52037	0.874929
1	9.52335	0.875104
2	9.5234	0.345969
2	9.52674	0.34642
2	9.52964	0.346893
1	9.53551	0.874337
2	9.53583	0.347192
2	9.53885	0.347657
2	9.54203	0.348115
1	9.54792	0.873546
2	9.54821	0.348412
1	9.55399	0.873405
2	9.55421	0.348718
1	9.56047	0.873223
2	9.56099	0.348981
2	9.56414	0.349438
1	9.57039	0.87269
2	9.57046	0.349725
1	9.57626	0.87257
1	9.57991	0.872677
2	9.58018	0.349831
1	9.58607	0.872528
2	9.58625	0.350131
1	9.59206	0.872396
1	9.59551	0.872522
2	9.59576	0.350247
1	9.60193	0.872347
1	9.60491	0.872521
1	9.60794	0.87269
1	9.61104	0.872852
2	9.61118	0.350049
2	9.61411	0.350513
2	9.61702	0.350978
1	9.62322	0.872093
1	9.62626	0.872261
2	9.62636	0.351102
1	9.63227	0.872128
1	9.63523	0.872303
1	9.63857	0.872441
2	9.63889	0.351057
1	9.64475	0.872291
2	9.64497	0.351351
2	9.64796	0.35181
2	9.65089	0.352271
1	9.65669	0.871561
1	9.65964	0.871737
1	9.66262	0.87191
2	9.66274	0.352259
2	9.66574	0.352715
1	9.67157	0.871483
1	9.67455	0.871655
1	9.67747	0.871834
1	9.68043	0.872009
1	9.68381	0.87214
2	9.68395	0.352366
2	9.68704	0.352816
2	9.69017	0.353263
1	9.69635	0.871354
2	9.69645	0.353544
1	9.70244	0.871215
2	9.70254	0.353834
1	9.70853	0.871076
1	9.71173	0.871226
1	9.71479	0.871391
2	9.71483	0.353796
1	9.72071	0.871268
1	9.72377	0.871432
2	9.72387	0.353929
2	9.7269	0.354379
2	9.72992	0.354829
2	9.73316	0.355266
1	9.73917	0.870366
2	9.73929	0.355551
2	9.74237	0.355996
1	9.74826	0.869929
1	9.75129	0.870097
2	9.75146	0.356123
1	9.75738	0.869959
2	9.75767	0.356402
2	9.76075	0.356845
1	9.76713	0.869459
2	9.76736	0.357102
2	9.77048	0.357543
2	9.77347	0.35799
2	9.7767	0.358423
2	9.77964	0.358872
1	9.7857	0.868087
2	9.78618	0.35913
2	9.78982	0.359541
2	9.79276	0.359988
1	9.7986	0.86728
2	9.79871	0.360276
1	9.80469	0.867145
2	9.80489	0.36055
2	9.80787	0.360994
1	9.81372	0.866721
2	9.81387	0.361277
1	9.81976	0.866592
2	9.81984	0.361561
2	9.82274	0.362008
1	9.82874	0.866175
1	9.83169	0.866349
2	9.83171	0.362133
2	9.83482	0.362567
2	9.8381	0.362992
2	9.84113	0.36343
2	9.84412	0.36387
1	9.84999	0.86502
1	9.85306	0.865184
2	9.85315	0.363988
1	9.85899	0.865067
2	9.85914	0.364267
1	9.86503	0.864939
2	9.86509	0.364548
2	9.86863	0.364956
1	9.87505	0.864424
1	9.87813	0.864585
2	9.87831	0.365038
1	9.88427	0.864449
1	9.88749	0.864597
1	9.89088	0.864728
1	9.89397	0.864888
2	9.89399	0.364802
1	9.9003	0.864733
1	9.90381	0.864853
1	9.90675	0.865027
1	9.91008	0.865163
2	9.91036	0.364531
2	9.91374	0.364945
2	9.91693	0.365369
2	9.91991	0.365804
2	9.92293	0.366236
2	9.92596	0.366667
1	9.93221	0.863478
1	9.93542	0.863626
1	9.93848	0.863789
2	9.93857	0.366591
2	9.94165	0.367018
2	9.94489	0.367437
2	9.9479	0.367867
1	9.95376	0.862773
1	9.95698	0.862919
1	9.96003	0.863083
2	9.96012	0.36781
1	9.96593	0.862972
2	9.96654	0.368059
2	9.96953	0.368489
1	9.97539	0.862519
2	9.97551	0.36876
2	9.97845	0.369192
1	9.98434	0.862115
2	9.98441	0.369463
1	9.99032	0.861997
1	9.9934	0.862157
1	9.99662	0.862304
1	9.99967	0.862468
1	10.0026	0.862641
1	10.0056	0.862809
2	10.0058	0.368922
1	10.0116	0.862685
2	10.0117	0.369195
2	10.0147	0.369618
2	10.0179	0.370035
2	10.021	0.370456
1	10.0271	0.86166
1	10.0301	0.86183
2	10.0302	0.370551
2	10.0332	0.370976
1	10.0392	0.861417
1	10.0424	0.861564
1	10.0453	0.861737
1	10.0483	0.86191
1	10.0513	0.862077
1	10.0545	0.862223
2	10.0545	0.370438
2	10.0574	0.370864
1	10.0632	0.861843
2	10.0632	0.37114
1	10.0691	0.861738
1	10.0722	0.861891
2	10.0723	0.371244
1	10.0782	0.861775
2	10.0782	0.37151
1	10.084	0.861674
2	10.0843	0.371768
2	10.0873	0.372193
2	10.0902	0.372617
2	10.0932	0.373037
1	10.0992	0.860684
2	10.0993	0.37329
2	10.1025	0.3737
2	10.1059	0.374097
1	10.1117	0.85995
2	10.112	0.374354
1	10.118	0.859811
1	10.121	0.859979
2	10.1212	0.374443
1	10.1275	0.85981
2	10.1278	0.374673
2	10.131	0.375081
2	10.1339	0.3755
2	10.1371	0.375907
2	10.14	0.376327
1	10.1459	0.858526
2	10.1461	0.376581
1	10.1525	0.858355
2	10.1526	0.376811
2	10.1556	0.377223
2	10.1586	0.37764
1	10.1644	0.85769
2	10.1645	0.377901
2	10.1676	0.378309
2	10.1708	0.37871
1	10.1768	0.856982
2	10.1768	0.378961
1	10.1828	0.856868
1	10.1857	0.857037
1	10.1888	0.857194
1	10.1919	0.857358
2	10.1919	0.37874
1	10.1979	0.857241
2	10.198	0.378983
2	10.2016	0.379365
1	10.2077	0.856769
1	10.2107	0.856942
1	10.2143	0.85705
2	10.2147	0.379246
2	10.2178	0.379649
2	10.2209	0.380055
2	10.2238	0.380464
2	10.2271	0.380859
2	10.2303	0.38126
2	10.2332	0.381672
2	10.2362	0.382079
2	10.2391	0.382491
2	10.2422	0.382892
2	10.2454	0.38329
1	10.2516	0.854039
2	10.252	0.383504
2	10.2551	0.383906
2	10.2582	0.384306
2	10.2614	0.384703
2	10.2644	0.385107
2	10.2673	0.385515
1	10.2734	0.852468
2	10.2738	0.385734
2	10.2771	0.386125
2	10.2802	0.386521
1	10.2861	0.851748
2	10.2865	0.386752
2	10.29	0.387124
1	10.2962	0.85126
2	10.2962	0.387357
2	10.2992	0.387758
1	10.3051	0.850885
2	10.3052	0.388005
2	10.3082	0.388403
2	10.3112	0.388805
2	10.3141	0.389209
1	10.32	0.849967
1	10.3229	0.850142
2	10.3229	0.389302
1	10.3292	0.850002
1	10.3324	0.85015
1	10.3353	0.850325
2	10.3358	0.389177
2	10.3389	0.389567
2	10.342	0.389965
2	10.3449	0.390368
2	10.3479	0.390766
2	10.3509	0.391163
1	10.3568	0.848813
2	10.3572	0.391381
1	10.3635	0.848643
2	10.3637	0.391594
2	10.3666	0.391994
2	10.3696	0.392395
2	10.3726	0.39279
1	10.3785	0.847722
1	10.3817	0.847866
2	10.3818	0.392855
2	10.3849	0.393243
1	10.3908	0.847485
2	10.3911	0.39347
2	10.3946	0.393837
2	10.3976	0.394228
1	10.4035	0.846769
2	10.4036	0.394465
2	10.4065	0.39486
2	10.4099	0.395236
2	10.4131	0.395616
2	10.4163	0.395997
2	10.4194	0.396384
2	10.4225	0.396771
1	10.4286	0.844954
2	10.4286	0.396993
2	10.4316	0.397389
2	10.4346	0.397778
1	10.4406	0.844311
1	10.4442	0.844425
1	10.4472	0.844586
2	10.4477	0.397626
1	10.4538	0.844436
1	10.4569	0.844593
1	10.4598	0.84476
2	10.4599	0.397525
2	10.4633	0.397891
2	10.4663	0.398285
1	10.4724	0.844073
1	10.4756	0.844223
2	10.4758	0.398322
1	10.4817	0.844109
1	10.4846	0.844282
2	10.4847	0.398397
2	10.4878	0.39878
2	10.4907	0.39917
1	10.4966	0.843643
2	10.4969	0.399388
1	10.5031	0.843502
2	10.5031	0.399603
2	10.506	0.399994
1	10.512	0.843139
1	10.5154	0.843267
2	10.5161	0.400002
1	10.522	0.84312
1	10.525	0.843286
2	10.5251	0.400071
1	10.531	0.843182
1	10.534	0.843345
1	10.537	0.843512
2	10.537	0.39998
1	10.5434	0.843369
1	10.5466	0.843521
2	10.5467	0.40001
1	10.5525	0.843424
2	10.5526	0.400241
2	10.5555	0.400626
2	10.5586	0.401008
1	10.5645	0.842801
1	10.5678	0.842938
2	10.5679	0.401053
1	10.5742	0.842798
1	10.5771	0.842968
1	10.5802	0.843128
1	10.5832	0.843291
1	10.5863	0.843441
2	10.5868	0.400595
1	10.5926	0.843315
1	10.5961	0.843439
1	10.5991	0.843598
1	10.6023	0.843748
1	10.6057	0.843873
1	10.6087	0.844036
2	10.609	0.399964
2	10.612	0.400344
1	10.6178	0.843659
1	10.6208	0.843823
1	10.624	0.843972
2	10.6246	0.40022
2	10.6275	0.400604
1	10.6334	0.843575
2	10.6336	0.40082
1	10.6398	0.843432
2	10.6399	0.401027
1	10.646	0.843323
1	10.6493	0.843456
2	10.6493	0.401067
2	10.6523	0.401448
1	10.6584	0.843088
2	10.6585	0.40166
1	10.6644	0.842984
1	10.6675	0.843139
1	10.6711	0.84325
1	10.6743	0.843391
1	10.6774	0.843542
2	10.6776	0.401193
1	10.6834	0.843445
1	10.6864	0.84361
2	10.6866	0.401257
2	10.6896	0.401629
1	10.6955	0.843242
2	10.6956	0.40185
1	10.7015	0.84314
2	10.7017	0.402065
1	10.7076	0.843028
2	10.7076	0.402285
2	10.7106	0.402662
2	10.7138	0.403028
2	10.7167	0.403406
2	10.7196	0.403785
1	10.7258	0.841874
1	10.7288	0.842038
2	10.7288	0.403834
1	10.7346	0.841954
1	10.7375	0.842124
2	10.7376	0.403904
1	10.7436	0.842021
2	10.7436	0.40412
1	10.7495	0.841932
1	10.7524	0.842096
2	10.7525	0.404183
1	10.7586	0.841984
1	10.7617	0.842138
2	10.7618	0.40423
2	10.7648	0.404601
2	10.768	0.40496
2	10.7709	0.405335
2	10.7738	0.405709
2	10.7768	0.406081
1	10.7826	0.840752
1	10.7861	0.840873
2	10.7862	0.406116
1	10.7925	0.840742
2	10.7927	0.406302
2	10.7956	0.406676
1	10.8015	0.840386
1	10.8045	0.840546
2	10.8045	0.406738
1	10.8104	0.84046
1	10.8136	0.840602
2	10.8137	0.406785
1	10.8195	0.840514
1	10.8225	0.840678
1	10.8254	0.840841
2	10.8256	0.406689
1	10.8315	0.840736
2	10.8317	0.406894
1	10.8375	0.840639
1	10.8405	0.8408
2	10.8406	0.406955
2	10.8437	0.40732
2	10.8466	0.407688
2	10.8496	0.408054
2	10.8529	0.408408
1	10.859	0.83964
2	10.8591	0.408603
1	10.8656	0.839492
2	10.8663	0.408752
2	10.8693	0.409117
1	10.8753	0.839081
1	10.8784	0.839233
2	10.8785	0.409156
2	10.8815	0.409524
1	10.8878	0.83885
2	10.8902	0.409592
2	10.8932	0.409953
1	10.8994	0.838286
1	10.9023	0.838451
1	10.9057	0.83858
1	10.9087	0.838734
1	10.9119	0.838877
2	10.9121	0.409491
1	10.9181	0.838767
2	10.9184	0.409684
1	10.9242	0.838667
2	10.9244	0.409887
2	10.9276	0.410239
2	10.9306	0.4106
2	10.9336	0.410963
2	10.9366	0.411323
2	10.9397	0.411677
2	10.9426	0.412042
2	10.9456	0.412404
1	10.9515	0.836774
2	10.9519	0.412594
2	10.9551	0.412939
1	10.9611	0.836383
1	10.9646	0.836501
1	10.9677	0.836645
2	10.9682	0.412777
2	10.9713	0.41313
1	10.9772	0.836258
2	10.9775	0.413325
2	10.9804	0.413683
2	10.9834	0.414043
2	10.9863	0.414404
1	10.9926	0.835382
2	10.9927	0.414585
1	10.9989	0.835267
1	11.0019	0.835426
1	11.0048	0.835591
1	11.008	0.835735
2	11.0081	0.414299
2	11.0112	0.414652
1	11.0173	0.835367
2	11.0173	0.414845
2	11.0204	0.415195
1	11.0267	0.834994
1	11.0297	0.835153
1	11.0327	0.835308
1	11.036	0.83544
1	11.039	0.835601
1	11.0423	0.835735
1	11.0455	0.83588
2	11.0458	0.414395
1	11.0518	0.835763
1	11.0547	0.835926
2	11.0549	0.414435
2	11.0581	0.414778
2	11.0613	0.415125
2	11.0644	0.415473
1	11.0703	0.835036
2	11.0707	0.415653
1	11.0766	0.834921
1	11.0796	0.835078
2	11.0798	0.415693
2	11.0827	0.41605
1	11.0888	0.834727
1	11.0919	0.834876
1	11.0952	0.835006
1	11.0986	0.835135
2	11.0988	0.415732
1	11.1049	0.835016
1	11.1078	0.835181
1	11.1112	0.835303
1	11.1141	0.835469
2	11.1142	0.415444
1	11.12	0.835387
2	11.1201	0.415648
1	11.126	0.835297
2	11.1261	0.415845
1	11.132	0.835212
1	11.1349	0.835377
1	11.1378	0.835539
1	11.1407	0.835704
1	11.1439	0.83584
2	11.144	0.415436
2	11.147	0.415782
1	11.1528	0.835512
2	11.1531	0.415975
1	11.159	0.835406
1	11.162	0.835561
1	11.1652	0.835702
2	11.1652	0.415858
1	11.1711	0.835619
1	11.1745	0.835748
1	11.1775	0.835902
2	11.1777	0.415728
1	11.1836	0.835806
2	11.1836	0.415926
1	11.1894	0.835728
1	11.1923	0.83589
1	11.1953	0.83605
1	11.1984	0.8362
1	11.2013	0.836361
2	11.2013	0.415526
1	11.2076	0.836246
1	11.2105	0.836408
1	11.2134	0.836569
2	11.2137	0.415398
2	11.2167	0.415744
1	11.2227	0.836212
1	11.2259	0.83635
1	11.2289	0.836503
2	11.2293	0.415608
2	11.2326	0.415937
1	11.2385	0.836124
2	11.2391	0.416109
1	11.245	0.835992
1	11.2479	0.836155
2	11.248	0.416156
2	11.2511	0.416495
2	11.2545	0.416821
2	11.2575	0.417163
1	11.2636	0.835276
2	11.2637	0.417347
1	11.2696	0.835183
2	11.2702	0.417515
1	11.276	0.835061
2	11.2762	0.417708
1	11.2821	0.834967
2	11.2827	0.417875
1	11.2886	0.834838
2	11.2893	0.418034
1	11.2954	0.834688
2	11.2955	0.418216
2	11.2984	0.418561
1	11.3043	0.834358
2	11.305	0.418726
2	11.3079	0.419073
1	11.3137	0.833994
2	11.3138	0.419267
2	11.3171	0.419591
1	11.3231	0.833635
1	11.3261	0.833791
1	11.329	0.833949
1	11.3319	0.834112
2	11.332	0.419335
1	11.3382	0.834005
2	11.3383	0.419507
1	11.3441	0.833921
2	11.3442	0.419701
2	11.3472	0.420042
2	11.3502	0.420384
2	11.3535	0.420706
2	11.3566	0.421041
1	11.3625	0.83284
1	11.3656	0.832983
1	11.3687	0.833125
1	11.3717	0.833281
1	11.375	0.833409
2	11.3753	0.420591
1	11.3811	0.833319
1	11.3841	0.833475
1	11.387	0.833635
1	11.39	0.833783
1	11.3931	0.833935
1	11.396	0.83409
2	11.3963	0.420027
1	11.4021	0.833997
1	11.405	0.834158
1	11.408	0.834313
2	11.4081	0.41992
2	11.4111	0.420258
2	11.4143	0.420585
2	11.4174	0.420921
1	11.4234	0.833474
1	11.4263	0.833634
2	11.4264	0.420957
1	11.4322	0.833555
2	11.4326	0.421133
1	11.4387	0.833431
2	11.4393	0.421284
2	11.4422	0.421624
2	11.4451	0.421962
2	11.448	0.422301
1	11.454	0.832602
2	11.4542	0.422477
2	11.4573	0.422806
2	11.4606	0.423128
1	11.4664	0.832008
2	11.4665	0.423315
2	11.4695	0.423649
1	11.4756	0.831669
1	11.4787	0.831809
2	11.4792	0.423646
1	11.4852	0.831681
1	11.4883	0.831829
2	11.4885	0.423666
2	11.4918	0.423985
2	11.4948	0.424316
2	11.4978	0.424649
2	11.501	0.424972
2	11.504	0.425303
2	11.5071	0.425631
1	11.5129	0.830271
2	11.5134	0.425794
1	11.5193	0.830157
2	11.5195	0.425971
2	11.5226	0.426298
1	11.5285	0.829823
1	11.5318	0.829949
1	11.5349	0.830092
1	11.538	0.830236
2	11.5381	0.426
1	11.5445	0.830119
1	11.5477	0.830251
2	11.5478	0.425996
1	11.5539	0.83015
2	11.554	0.426169
1	11.56	0.830063
1	11.5631	0.830208
1	11.5662	0.830351
2	11.5667	0.426015
1	11.5727	0.830223
1	11.5758	0.830373
2	11.5758	0.426038
2	11.5793	0.426343
2	11.5823	0.426673
2	11.5852	0.427006
1	11.5914	0.829535
2	11.5915	0.42717
1	11.5973	0.829455
2	11.5974	0.427353
1	11.6037	0.829347
2	11.6037	0.427516
2	11.6068	0.427834
2	11.6099	0.428157
2	11.6129	0.428485
1	11.619	0.828536
2	11.619	0.428656
2	11.6219	0.428986
1	11.628	0.828216
2	11.6284	0.42914
2	11.6319	0.429439
2	11.6348	0.429768
1	11.6406	0.827621
1	11.6436	0.827777
1	11.6466	0.827926
1	11.6495	0.828083
2	11.6496	0.42951
2	11.6527	0.429827
1	11.6588	0.827744
1	11.662	0.827886
2	11.6628	0.4298
2	11.6658	0.430122
2	11.6688	0.430449
1	11.6746	0.827288
1	11.6775	0.827447
2	11.6781	0.430458
1	11.6842	0.827314
2	11.6844	0.430619
1	11.6903	0.827224
1	11.6933	0.827373
2	11.6939	0.430619
2	11.6973	0.430918
1	11.7033	0.826983
2	11.7035	0.431085
2	11.7064	0.431411
2	11.7094	0.43173
2	11.7124	0.432054
2	11.7153	0.43238
2	11.7184	0.432696
1	11.7243	0.825743
2	11.7245	0.432862
1	11.7304	0.82566
2	11.7309	0.433015
1	11.7367	0.825557
1	11.7399	0.825694
2	11.7401	0.433027
1	11.746	0.825607
1	11.749	0.825754
2	11.7494	0.433033
1	11.7553	0.825649
1	11.7583	0.825802
2	11.7584	0.433061
2	11.7613	0.433381
2	11.7644	0.433697
2	11.7674	0.434014
2	11.7705	0.43433
1	11.7765	0.824787
2	11.7766	0.434496
2	11.7795	0.434816
2	11.7829	0.435114
2	11.786	0.43543
1	11.7918	0.823999
1	11.7949	0.824143
2	11.7956	0.43542
2	11.7985	0.435741
2	11.8014	0.436061
1	11.8073	0.823572
1	11.8103	0.823724
2	11.8105	0.436075
1	11.8166	0.823624
2	11.8166	0.436237
2	11.8198	0.436545
1	11.8257	0.823311
2	11.8259	0.436708
1	11.8317	0.823233
1	11.8346	0.823387
1	11.8376	0.823541
1	11.841	0.823661
1	11.8442	0.823795
2	11.8442	0.436267
1	11.85	0.823731
2	11.8503	0.436431
1	11.856	0.823649
1	11.859	0.823804
1	11.8619	0.82396
2	11.8622	0.436306
2	11.8654	0.436612
2	11.8687	0.436908
1	11.8747	0.823368
1	11.8776	0.823524
2	11.8777	0.436926
2	11.8807	0.43724
2	11.8837	0.437554
2	11.8869	0.437857
1	11.8928	0.822752
2	11.8929	0.438023
2	11.8962	0.438321
2	11.8992	0.438633
2	11.9024	0.438937
1	11.9084	0.821951
2	11.9086	0.439092
2	11.912	0.439385
1	11.9179	0.82161
1	11.9211	0.821742
1	11.9245	0.821863
2	11.9247	0.439217
1	11.9305	0.821784
2	11.9309	0.439372
2	11.9338	0.439687
2	11.9369	0.439993
2	11.94	0.440295
1	11.9462	0.820978
2	11.9465	0.440436
2	11.9495	0.440745
1	11.9554	0.820669
1	11.9585	0.820808
1	11.9614	0.820964
1	11.9645	0.821105
1	11.9675	0.821257
1	11.9704	0.821408
2	11.9708	0.440157
1	11.9767	0.821311
1	11.9797	0.821463
1	11.9829	0.821596
2	11.9829	0.440016
2	11.9865	0.440297
2	11.9895	0.440604
2	11.9926	0.440912
2	11.9958	0.44121
1	12.0017	0.820559
1	12.0047	0.820712
1	12.0077	0.820859
2	12.0078	0.441075
2	12.0113	0.44136
1	12.0172	0.820527
2	12.0173	0.44152
2	12.0203	0.441826
1	12.0262	0.820228
1	12.0291	0.82038
2	12.0292	0.441843
2	12.0323	0.442145
1	12.0381	0.820081
2	12.0383	0.442306
1	12.0442	0.820001
1	12.0475	0.820125
2	12.0477	0.442298
1	12.0542	0.819997
1	12.0576	0.820115
2	12.058	0.442251
2	12.0613	0.442541
2	12.0645	0.442834
2	12.0674	0.443145
2	12.0706	0.443441
2	12.0736	0.443744
2	12.0765	0.444052
2	12.0798	0.444346
2	12.0827	0.444655
2	12.0862	0.444932
1	12.092	0.817942
1	12.0956	0.818052
1	12.0986	0.818195
1	12.1015	0.818351
1	12.1048	0.818476
2	12.1049	0.444468
2	12.1079	0.444772
1	12.1138	0.818184
1	12.1169	0.818321
1	12.1203	0.81844
2	12.1205	0.444608
1	12.1265	0.818352
2	12.1268	0.444749
1	12.1326	0.818269
1	12.1357	0.818413
1	12.1387	0.818557
2	12.1389	0.444607
2	12.1418	0.444913
1	12.1477	0.818264
2	12.1481	0.445059
1	12.1541	0.818167
1	12.1572	0.818308
2	12.1572	0.44506
1	12.163	0.818243
1	12.1667	0.818345
2	12.167	0.445032
1	12.173	0.818244
1	12.1762	0.818379
2	12.1763	0.445029
2	12.1796	0.445313
2	12.1829	0.445602
2	12.186	0.445897
2	12.1889	0.446202
1	12.1948	0.817389
2	12.195	0.44635
2	12.1984	0.446629
2	12.2014	0.446931
2	12.2045	0.447223
2	12.2078	0.447511
2	12.211	0.4478
1	12.2169	0.816142
2	12.2173	0.447938
2	12.2208	0.448213
2	12.2237	0.448516
2	12.2267	0.44881
1	12.2327	0.815356
1	12.2359	0.815489
2	12.236	0.448803
1	12.2422	0.815394
1	12.2456	0.815516
1	12.2485	0.81567
2	12.2487	0.448629
2	12.2518	0.448921
2	12.2548	0.449219
2	12.2579	0.449512
1	12.2637	0.814929
1	12.2668	0.815072
2	12.2669	0.449517
2	12.2698	0.449818
2	12.2728	0.450113
1	12.2786	0.814578
2	12.2788	0.450265
2	12.2819	0.450558
2	12.2848	0.450858
1	12.2906	0.814079
2	12.2907	0.451013
1	12.2971	0.813975
1	12.3001	0.814119
2	12.3001	0.450995
2	12.3031	0.451291
2	12.3062	0.451582
2	12.3092	0.451876
1	12.315	0.813406
2	12.3154	0.452012
1	12.3219	0.813272
2	12.3221	0.45213
2	12.3251	0.452422
2	12.328	0.452718
1	12.334	0.812766
1	12.3372	0.812902
2	12.3374	0.452704
1	12.3434	0.812819
2	12.3437	0.452835
1	12.3498	0.812718
1	12.3529	0.812854
1	12.356	0.813
2	12.3561	0.452672
2	12.3594	0.452951
1	12.3653	0.812691
2	12.3653	0.453104
1	12.3712	0.812627
2	12.3716	0.453237
2	12.3746	0.45353
1	12.3805	0.812325
2	12.381	0.453657
1	12.3871	0.812215
1	12.3901	0.812358
2	12.3902	0.453645
2	12.3934	0.453931
1	12.3994	0.812059
1	12.4028	0.812171
2	12.403	0.453901
2	12.4061	0.454189
1	12.4119	0.811883
2	12.412	0.454339
2	12.4154	0.454607
1	12.4214	0.811571
1	12.4247	0.811689
1	12.4277	0.811841
1	12.4306	0.81199
1	12.4335	0.812141
2	12.4335	0.454168
2	12.4366	0.454457
2	12.4395	0.454751
1	12.4455	0.811651
2	12.4455	0.454896
1	12.4516	0.811576
2	12.4517	0.455032
2	12.4547	0.455319
2	12.4579	0.455599
2	12.4608	0.455893
2	12.4639	0.456176
2	12.467	0.456459
1	12.4728	0.810434
2	12.4729	0.456603
1	12.4789	0.810355
1	12.482	0.810496
1	12.485	0.810641
1	12.4883	0.810765
2	12.4884	0.456293
2	12.4914	0.456578
2	12.4944	0.456867
2	12.4973	0.457158
1	12.5032	0.81007
1	12.5062	0.810213
2	12.5065	0.457146
1	12.5125	0.810127
2	12.5126	0.457283
2	12.5155	0.457574
1	12.5214	0.809854
1	12.5247	0.809978
2	12.5252	0.457537
2	12.5287	0.457798
1	12.5346	0.809641
1	12.5375	0.809791
1	12.5407	0.809924
2	12.5407	0.457654
2	12.5439	0.457927
1	12.5498	0.809638
2	12.5502	0.458054
2	12.5537	0.458317
1	12.5598	0.809294
1	12.563	0.809422
2	12.563	0.458298
1	12.5689	0.809364
2	12.5695	0.458416
1	12.5754	0.809261
2	12.5758	0.458543
2	12.5787	0.458831
1	12.5846	0.808976
1	12.5877	0.809115
2	12.5879	0.458817
2	12.591	0.459095
1	12.597	0.808816
1	12.6	0.808963
2	12.6	0.459093
1	12.606	0.808896
1	12.609	0.809041
1	12.6125	0.809144
1	12.616	0.809255
2	12.6166	0.458728
1	12.6227	0.809143
2	12.6229	0.458854
1	12.6288	0.809071
2	12.6291	0.458984
2	12.632	0.459269
1	12.6378	0.808793
1	12.6409	0.808936
1	12.6438	0.809082
1	12.6471	0.809207
1	12.6503	0.809335
1	12.6533	0.809476
2	12.6538	0.458658
1	12.6596	0.80939
1	12.6629	0.809513
1	12.6658	0.809662
1	12.6688	0.809806
2	12.6689	0.458365
2	12.6721	0.458638
1	12.6779	0.809523
2	12.678	0.458779
1	12.6841	0.809449
2	12.6845	0.458895
2	12.6876	0.459171
2	12.6908	0.459441
2	12.6941	0.459706
1	12.6999	0.808702
1	12.7029	0.808847
1	12.7063	0.808961
2	12.7064	0.459548
1	12.7124	0.808893
2	12.7124	0.459685
2	12.716	0.459935
2	12.719	0.460216
1	12.725	0.808367
2	12.725	0.46035
2	12.7282	0.460624
2	12.731	0.460908
2	12.7343	0.461175
1	12.7403	0.807664
2	12.7409	0.461283
2	12.7438	0.461565
1	12.7496	0.807374
2	12.7498	0.461703
2	12.7527	0.461986
1	12.7587	0.807101
1	12.7616	0.807246
1	12.7649	0.807369
1	12.7679	0.807514
2	12.7684	0.461662
1	12.7746	0.807403
1	12.7776	0.807543
1	12.7809	0.807667
2	12.7811	0.461479
2	12.7843	0.461751
1	12.7901	0.807384
1	12.7936	0.807491
2	12.7937	0.461723
1	12.7998	0.80741
2	12.7999	0.461849
1	12.8057	0.807352
2	12.8059	0.461986
1	12.8119	0.80728
1	12.8148	0.807429
1	12.8177	0.807577
2	12.8178	0.461841
1	12.8237	0.807511
1	12.8269	0.807641
1	12.8299	0.807781
2	12.8299	0.461689
2	12.8331	0.461955
1	12.8389	0.807511
1	12.8422	0.807634
1	12.8452	0.807778
1	12.8481	0.807921
2	12.8482	0.461666
1	12.8546	0.807822
1	12.8577	0.807961
2	12.8577	0.461634
2	12.8607	0.461911
1	12.8666	0.8077
1	12.8696	0.807837
2	12.8697	0.461901
1	12.8756	0.807776
2	12.8758	0.462034
2	12.8789	0.462304
2	12.8819	0.462578
2	12.8848	0.462857
2	12.8878	0.463128
1	12.8938	0.806886
1	12.8969	0.807018
2	12.8971	0.463107
2	12.9003	0.463369
1	12.9062	0.806735
1	12.9092	0.806876
1	12.9121	0.807023
1	12.9152	0.807157
1	12.9184	0.80728
2	12.9185	0.462933
2	12.9217	0.4632
2	12.9248	0.463468
2	12.9279	0.463735
1	12.9338	0.806581
1	12.9367	0.806728
2	12.9369	0.463725
1	12.9429	0.806656
1	12.946	0.806788
2	12.9463	0.463701
2	12.9495	0.463962
2	12.9526	0.464228
2	12.9556	0.464502
2	12.9585	0.464775
2	12.9617	0.465039
1	12.9675	0.805679
2	12.9676	0.465175
1	12.9735	0.805621
2	12.9736	0.465305
1	12.9797	0.805543
1	12.9828	0.805675
1	12.9858	0.805816
2	12.9858	0.465145
1	12.9917	0.805763
1	12.9947	0.805904
1	12.9977	0.806045
2	12.9977	0.465004
2	13.0006	0.465278
1	13.0065	0.80579
2	13.0066	0.465407
1	13.0125	0.805728
1	13.0155	0.805869
2	13.016	0.465379
2	13.019	0.465651
1	13.0248	0.80559
1	13.0278	0.805729
2	13.0279	0.465647
1	13.034	0.805656
1	13.037	0.805794
1	13.0405	0.805897
1	13.0435	0.806038
2	13.0438	0.465314
2	13.0468	0.465586
2	13.0498	0.465851
1	13.056	0.805544
2	13.0561	0.465968
1	13.0619	0.805486
1	13.0651	0.805614
1	13.0682	0.805749
2	13.0686	0.465795
1	13.0745	0.805665
2	13.0747	0.465921
1	13.0806	0.805594
1	13.0837	0.805729
1	13.0869	0.805857
2	13.0871	0.465753
1	13.0931	0.805782
1	13.0961	0.805922
2	13.0961	0.465746
2	13.0996	0.465988
2	13.1026	0.466258
1	13.1085	0.805434
1	13.1114	0.805579
1	13.1148	0.80569
2	13.1153	0.466076
1	13.1213	0.805594
1	13.1243	0.805735
1	13.1272	0.805878
2	13.1274	0.465925
2	13.1304	0.46619
1	13.1366	0.805593
1	13.1395	0.805736
2	13.1397	0.466164
1	13.1459	0.80565
2	13.146	0.466281
1	13.152	0.805584
2	13.1524	0.466391
1	13.1589	0.805465
2	13.1589	0.466495
2	13.1618	0.466765
1	13.1678	0.805212
1	13.1707	0.805355
1	13.1738	0.805489
1	13.1768	0.805623
1	13.1799	0.805758
1	13.183	0.805887
2	13.1833	0.46618
2	13.1868	0.466425
2	13.1898	0.466687
2	13.1928	0.466952
2	13.1958	0.467218
1	13.2016	0.804991
2	13.2018	0.467345
2	13.2048	0.467609
1	13.2106	0.804735
2	13.2111	0.467719
2	13.2142	0.467978
2	13.2172	0.468242
1	13.2231	0.80425
1	13.226	0.804389
1	13.2291	0.804524
2	13.2292	0.468092
1	13.2354	0.804443
1	13.2385	0.804576
1	13.2415	0.804711
2	13.2417	0.46792
1	13.2476	0.804648
2	13.2476	0.468053
2	13.2505	0.46832
1	13.2564	0.804404
1	13.2596	0.804528
2	13.2598	0.468292
1	13.2656	0.804464
2	13.2659	0.468416
2	13.269	0.468674
2	13.2719	0.46894
1	13.2781	0.803979
2	13.2783	0.469047
1	13.2845	0.803896
1	13.2875	0.804035
2	13.2877	0.469017
1	13.2936	0.803967
1	13.2968	0.804089
2	13.2969	0.468995
1	13.3027	0.804035
1	13.3057	0.804173
2	13.3061	0.468972
2	13.3092	0.46923
2	13.3124	0.469482
2	13.3154	0.46974
2	13.3185	0.469997
1	13.3243	0.803294
2	13.3245	0.470121
2	13.3274	0.470384
2	13.3307	0.470633
2	13.3336	0.470895
2	13.3368	0.471146
1	13.3433	0.802391
1	13.3462	0.802534
1	13.3492	0.802668
2	13.3494	0.470968
2	13.3524	0.471229
1	13.3584	0.802403
1	13.3616	0.802529
1	13.3646	0.802665
2	13.3648	0.471059
2	13.3683	0.471295
2	13.3712	0.471557
2	13.3744	0.471807
1	13.3805	0.801964
1	13.384	0.802065
1	13.3871	0.802194
2	13.3872	0.47162
2	13.3902	0.47188
2	13.3936	0.472117
2	13.3967	0.47237
2	13.3998	0.472626
2	13.4031	0.472869
2	13.4061	0.473126
1	13.4125	0.800885
1	13.4159	0.800993
1	13.4189	0.801133
1	13.4218	0.801275
2	13.4219	0.472801
2	13.425	0.473054
1	13.4314	0.800988
2	13.4315	0.473152
2	13.4347	0.473398
1	13.4405	0.800727
1	13.4436	0.800859
2	13.4438	0.473379
2	13.4467	0.47364
1	13.4526	0.800609
1	13.4556	0.800742
1	13.4586	0.80088
1	13.4615	0.80102
1	13.4644	0.801162
1	13.4677	0.801284
2	13.4677	0.473079
1	13.4738	0.801217
2	13.4739	0.473192
1	13.4798	0.801162
1	13.4828	0.8013
2	13.4832	0.47316
2	13.4862	0.473416
2	13.4891	0.473675
2	13.4921	0.473934
1	13.498	0.800652
1	13.5012	0.800775
1	13.5041	0.800914
2	13.5041	0.47378
1	13.51	0.800866
2	13.51	0.473903
2	13.513	0.474158
1	13.5189	0.800625
2	13.5192	0.474269
1	13.5253	0.800542
2	13.5253	0.474384
1	13.5316	0.800467
2	13.532	0.474472
1	13.5382	0.80037
1	13.5412	0.800506
2	13.5412	0.474445
2	13.5444	0.474688
2	13.5476	0.474935
2	13.5507	0.475182
2	13.5538	0.475431
2	13.557	0.475676
2	13.5599	0.475933
1	13.5658	0.799264
2	13.5662	0.476036
1	13.5724	0.799169
1	13.5754	0.799306
1	13.5785	0.799435
1	13.5814	0.799575
2	13.5815	0.475736
2	13.5844	0.475993
2	13.5874	0.476241
2	13.5904	0.476496
1	13.5963	0.798957
2	13.5965	0.476609
2	13.5994	0.476862
2	13.6025	0.477109
1	13.6084	0.798511
2	13.6088	0.477214
1	13.6146	0.798446
1	13.6178	0.798566
1	13.6212	0.798676
1	13.6245	0.798794
2	13.6245	0.476894
2	13.6275	0.477142
1	13.6334	0.798555
2	13.6336	0.477256
1	13.6395	0.79849
1	13.6427	0.798617
2	13.6427	0.477233
2	13.6457	0.477482
1	13.6516	0.798379
2	13.6519	0.477589
2	13.6549	0.477841
1	13.6608	0.798118
2	13.6612	0.47794
2	13.6642	0.478189
1	13.6703	0.797842
2	13.6704	0.478298
2	13.6734	0.478548
2	13.6764	0.478794
2	13.6795	0.479042
1	13.6854	0.797217
1	13.6885	0.797348
1	13.6914	0.797488
2	13.6914	0.478889
1	13.6975	0.797425
1	13.7004	0.797563
1	13.7033	0.797704
1	13.7066	0.797822
2	13.7067	0.478587
1	13.7126	0.797766
1	13.716	0.797873
1	13.719	0.798012
1	13.7219	0.798148
1	13.7248	0.798289
1	13.7277	0.798427
2	13.7279	0.478026
1	13.7341	0.798352
2	13.7346	0.478106
2	13.7378	0.478348
1	13.7437	0.798069
2	13.7443	0.478439
2	13.7473	0.478687
2	13.7504	0.478929
2	13.7533	0.479179
1	13.7591	0.797425
1	13.7621	0.797559
2	13.7624	0.479158
1	13.7682	0.797503
2	13.7684	0.479271
1	13.7742	0.79745
1	13.7771	0.79759
2	13.7776	0.479241
1	13.7835	0.797509
1	13.7867	0.797629
1	13.7897	0.797762
2	13.7899	0.479074
1	13.7958	0.797701
1	13.7987	0.797841
1	13.802	0.797958
1	13.8051	0.798081
2	13.8055	0.47876
1	13.812	0.79797
2	13.8122	0.478845
2	13.8151	0.479094
2	13.8182	0.479333
1	13.8242	0.797535
2	13.8243	0.479441
2	13.8273	0.47969
1	13.8334	0.797282
2	13.8335	0.479793
1	13.8396	0.797212
1	13.8426	0.797344
1	13.8456	0.797478
1	13.8489	0.797596
1	13.8518	0.797735
2	13.8518	0.479361
2	13.8547	0.479608
2	13.858	0.479842
2	13.861	0.480085
2	13.8641	0.480327
1	13.8703	0.796903
1	13.8734	0.797029
1	13.8764	0.797164
2	13.8768	0.480141
1	13.8827	0.797091
1	13.8863	0.797184
2	13.8866	0.480084
1	13.8927	0.797108
2	13.8928	0.480186
2	13.8959	0.480429
1	13.9017	0.796871
1	13.9047	0.797003
2	13.905	0.480403
2	13.9079	0.480648
1	13.9138	0.796757
1	13.917	0.796875
2	13.9172	0.480616
2	13.9206	0.480842
2	13.9237	0.481079
2	13.9268	0.481318
2	13.9302	0.481542
2	13.9335	0.481771
2	13.9365	0.482016
2	13.9396	0.482253
2	13.9426	0.482494
1	13.9488	0.795233
1	13.9523	0.795335
2	13.9526	0.482428
1	13.9586	0.795265
1	13.9615	0.795402
1	13.9645	0.795536
1	13.9675	0.795665
2	13.9677	0.482139
1	13.9737	0.795601
1	13.9772	0.795706
1	13.9803	0.79583
2	13.9803	0.481955
2	13.9833	0.482197
2	13.9863	0.482439
2	13.9896	0.482668
2	13.9928	0.482898
1	13.9988	0.795011
2	13.9989	0.483006
2	14.0018	0.483247
1	14.0079	0.794769
2	14.0084	0.483331
2	14.0116	0.483564
2	14.0145	0.483808
1	14.0205	0.794317
2	14.0205	0.483914
2	14.0235	0.484156
2	14.0265	0.484396
1	14.0323	0.793911
1	14.0354	0.79404
2	14.0356	0.484369
2	14.0386	0.484608
2	14.0416	0.484847
1	14.0477	0.7936
1	14.0509	0.793722
1	14.0538	0.793857
1	14.0573	0.793963
2	14.0575	0.48452
1	14.0633	0.793908
1	14.0668	0.79401
2	14.0674	0.484457
2	14.0704	0.484695
2	14.0734	0.484931
2	14.0765	0.485165
2	14.08	0.485383
2	14.0831	0.485618
2	14.0862	0.485851
1	14.0921	0.79279
2	14.0922	0.485957
1	14.0982	0.792729
1	14.1013	0.79286
1	14.1044	0.792981
2	14.1049	0.485771
1	14.1109	0.792903
2	14.1111	0.485868
1	14.1171	0.792839
2	14.1171	0.485973
1	14.1231	0.792791
1	14.1261	0.792921
2	14.1263	0.485939
2	14.1293	0.486177
2	14.1327	0.486397
1	14.1385	0.79248
1	14.1416	0.792606
1	14.1448	0.792724
1	14.1478	0.792854
2	14.1479	0.4861
2	14.1509	0.486339
1	14.1567	0.792634
1	14.1596	0.792768
1	14.1626	0.792901
2	14.1627	0.486191
2	14.1658	0.486421
2	14.1688	0.486659
1	14.1747	0.792479
2	14.1749	0.486759
1	14.1809	0.792417
2	14.1812	0.48685
2	14.1843	0.487082
1	14.1903	0.792167
1	14.1933	0.792296
1	14.1964	0.79242
1	14.1995	0.792546
2	14.1995	0.486787
1	14.2053	0.792504
2	14.2054	0.486898
1	14.2115	0.792444
1	14.2145	0.792574
1	14.2175	0.792704
2	14.2179	0.48672
1	14.2238	0.792637
1	14.2269	0.792763
1	14.2298	0.792895
1	14.2329	0.79302
2	14.2331	0.486423
2	14.2364	0.486647
2	14.2396	0.486871
2	14.2429	0.487096
1	14.2491	0.79236
1	14.252	0.792494
2	14.2525	0.487042
2	14.2555	0.487276
1	14.2613	0.792245
1	14.2643	0.792375
2	14.2645	0.487251
1	14.2704	0.792323
2	14.2704	0.487359
1	14.2763	0.792281
2	14.2763	0.487468
1	14.2821	0.792239
2	14.2823	0.487571
1	14.2882	0.792187
1	14.2912	0.792316
1	14.2945	0.792426
2	14.2945	0.487406
1	14.3008	0.792357
2	14.3009	0.487495
2	14.3038	0.487732
2	14.3069	0.487962
2	14.3102	0.488179
2	14.3133	0.488409
2	14.3167	0.488623
2	14.3197	0.488854
1	14.3256	0.791192
1	14.3288	0.791307
2	14.3289	0.488819
1	14.3349	0.791252
1	14.3379	0.791383
2	14.3382	0.48878
1	14.3442	0.791317
1	14.3473	0.791441
1	14.3504	0.791561
1	14.3535	0.791689
1	14.357	0.791786
2	14.3573	0.488318
2	14.3604	0.488545
2	14.3637	0.488766
1	14.3698	0.791332
1	14.3728	0.791463
2	14.3731	0.488721
2	14.3761	0.488952
2	14.3792	0.489179
1	14.385	0.791046
1	14.388	0.791177
2	14.3882	0.489153
2	14.3914	0.489374
1	14.3974	0.790929
2	14.3977	0.489463
2	14.4007	0.489693
1	14.4066	0.79069
1	14.4096	0.790815
2	14.4098	0.489662
2	14.4128	0.48989
2	14.416	0.490115
2	14.4191	0.49034
2	14.422	0.490572
1	14.428	0.790037
1	14.4309	0.790171
1	14.434	0.790297
1	14.437	0.790425
2	14.437	0.490287
2	14.4403	0.490507
2	14.4433	0.490734
1	14.4494	0.789998
2	14.4499	0.490809
2	14.4528	0.491042
1	14.4587	0.789759
1	14.4618	0.789883
1	14.4647	0.790015
2	14.4651	0.490874
2	14.4681	0.491102
1	14.474	0.789773
2	14.4743	0.491194
2	14.4773	0.491422
1	14.4832	0.789538
2	14.4833	0.491522
1	14.4892	0.78949
1	14.4921	0.789624
1	14.495	0.789758
1	14.498	0.789884
2	14.4981	0.491247
1	14.5039	0.789845
2	14.5041	0.491347
1	14.5104	0.789766
2	14.5105	0.491426
1	14.5166	0.789707
2	14.5167	0.49152
2	14.5197	0.491744
1	14.5256	0.789488
1	14.5286	0.789616
2	14.5288	0.491714
2	14.5318	0.491943
2	14.535	0.492159
2	14.5383	0.492373
2	14.5414	0.492596
2	14.5443	0.492826
2	14.5472	0.493057
1	14.5532	0.78848
2	14.5533	0.493154
1	14.5591	0.78844
2	14.5594	0.493247
2	14.5625	0.493468
1	14.5685	0.788196
2	14.5691	0.493542
2	14.5722	0.493765
2	14.5753	0.493983
2	14.5783	0.49421
2	14.5812	0.494439
1	14.587	0.787425
1	14.5901	0.787548
2	14.5902	0.494411
2	14.5933	0.494632
1	14.5991	0.787329
1	14.6022	0.78745
1	14.6054	0.787564
1	14.6089	0.787666
2	14.609	0.494315
1	14.6148	0.787623
2	14.6148	0.49442
1	14.6209	0.787574
1	14.6238	0.787703
1	14.6271	0.787811
2	14.6275	0.49423
1	14.6337	0.787735
2	14.6339	0.494314
1	14.6398	0.787682
2	14.6404	0.494389
1	14.6463	0.787603
1	14.6496	0.787714
1	14.6526	0.787843
1	14.6555	0.787976
1	14.6589	0.788079
2	14.6589	0.493955
2	14.6619	0.494177
1	14.668	0.787855
2	14.6687	0.494243
1	14.6745	0.787777
2	14.6746	0.494345
2	14.6775	0.494572
2	14.6807	0.494787
2	14.684	0.495
2	14.6871	0.495215
2	14.6901	0.495442
1	14.6959	0.786847
1	14.6988	0.786978
1	14.7017	0.78711
2	14.7017	0.495298
2	14.7047	0.495521
1	14.7106	0.7869
1	14.7136	0.787027
2	14.7136	0.495495
2	14.7168	0.495708
2	14.7204	0.495908
2	14.7233	0.496131
1	14.7294	0.786417
1	14.7326	0.786536
1	14.7357	0.786655
2	14.7357	0.495957
1	14.7416	0.786617
2	14.7421	0.496038
2	14.7454	0.496247
1	14.7512	0.786365
2	14.7514	0.49634
1	14.7574	0.786307
1	14.7604	0.786432
1	14.7634	0.78656
2	14.7636	0.496174
1	14.7698	0.786488
1	14.7728	0.786619
1	14.776	0.786733
2	14.7763	0.495985
1	14.7823	0.786669
2	14.7824	0.49608
2	14.7855	0.496295
2	14.7887	0.496506
2	14.7917	0.49673
1	14.7975	0.786098
2	14.7975	0.49683
2	14.8005	0.497052
2	14.8036	0.49727
2	14.8069	0.497477
2	14.8098	0.497701
2	14.8128	0.49792
2	14.8158	0.498143
2	14.8187	0.498366
2	14.8217	0.498586
1	14.8278	0.784672
2	14.828	0.498668
2	14.8314	0.49887
2	14.8345	0.499086
1	14.8404	0.784257
1	14.8434	0.784379
2	14.8436	0.499049
1	14.8496	0.784326
2	14.8496	0.499141
2	14.8525	0.499363
2	14.8558	0.499569
1	14.8619	0.783927
1	14.8648	0.784058
1	14.8679	0.784177
2	14.8679	0.499405
1	14.8739	0.78413
2	14.8741	0.49949
1	14.8799	0.784088
2	14.8802	0.499582
1	14.8863	0.784025
2	14.8863	0.499666
1	14.8926	0.783962
2	14.8927	0.499741
1	14.8988	0.783907
2	14.899	0.499824
1	14.905	0.78385
2	14.905	0.499914
1	14.911	0.783808
2	14.9112	0.499998
1	14.9172	0.783756
2	14.9172	0.50009
1	14.9236	0.783687
2	14.9238	0.500157
2	14.9269	0.50037
1	14.9327	0.783468
1	14.9357	0.783594
2	14.9359	0.500337
2	14.9388	0.500556
2	14.9418	0.500774
1	14.9477	0.783213
1	14.9507	0.783337
1	14.9539	0.783455
2	14.954	0.500607
2	14.957	0.500823
1	14.9631	0.783229
1	14.9662	0.783351
2	14.9663	0.500779
2	14.9692	0.500996
1	14.9755	0.783124
2	14.9757	0.501068
1	14.9817	0.783069
1	14.9847	0.78319
1	14.9879	0.783304
1	14.9908	0.783434
2	14.9909	0.500774
1	14.9969	0.783385
2	14.9971	0.500856
